#!ascii label  , from subject  vox2ras=TkReg
61
81724 0.000 0.000 0.000 0.000
3555 0.000 0.000 0.000 0.000
81652 0.000 0.000 0.000 0.000
81643 0.000 0.000 0.000 0.000
81713 0.000 0.000 0.000 0.000
81650 0.000 0.000 0.000 0.000
81642 0.000 0.000 0.000 0.000
81718 0.000 0.000 0.000 0.000
4196 0.000 0.000 0.000 0.000
81644 0.000 0.000 0.000 0.000
81647 0.000 0.000 0.000 0.000
79900 0.000 0.000 0.000 0.000
81712 0.000 0.000 0.000 0.000
75520 0.000 0.000 0.000 0.000
1595 0.000 0.000 0.000 0.000
3572 0.000 0.000 0.000 0.000
78415 0.000 0.000 0.000 0.000
3556 0.000 0.000 0.000 0.000
81646 0.000 0.000 0.000 0.000
3571 0.000 0.000 0.000 0.000
79910 0.000 0.000 0.000 0.000
2031 0.000 0.000 0.000 0.000
4192 0.000 0.000 0.000 0.000
81722 0.000 0.000 0.000 0.000
75521 0.000 0.000 0.000 0.000
81714 0.000 0.000 0.000 0.000
76876 0.000 0.000 0.000 0.000
88107 0.000 0.000 0.000 0.000
81725 0.000 0.000 0.000 0.000
75517 0.000 0.000 0.000 0.000
88105 0.000 0.000 0.000 0.000
81719 0.000 0.000 0.000 0.000
4193 0.000 0.000 0.000 0.000
3573 0.000 0.000 0.000 0.000
79907 0.000 0.000 0.000 0.000
81711 0.000 0.000 0.000 0.000
79905 0.000 0.000 0.000 0.000
88106 0.000 0.000 0.000 0.000
81651 0.000 0.000 0.000 0.000
2525 0.000 0.000 0.000 0.000
76877 0.000 0.000 0.000 0.000
76875 0.000 0.000 0.000 0.000
75522 0.000 0.000 0.000 0.000
3574 0.000 0.000 0.000 0.000
83920 0.000 0.000 0.000 0.000
76878 0.000 0.000 0.000 0.000
79901 0.000 0.000 0.000 0.000
88104 0.000 0.000 0.000 0.000
81653 0.000 0.000 0.000 0.000
5652 0.000 0.000 0.000 0.000
76874 0.000 0.000 0.000 0.000
85869 0.000 0.000 0.000 0.000
77230 0.000 0.000 0.000 0.000
3011 0.000 0.000 0.000 0.000
81721 0.000 0.000 0.000 0.000
79899 0.000 0.000 0.000 0.000
75525 0.000 0.000 0.000 0.000
88109 0.000 0.000 0.000 0.000
88149 0.000 0.000 0.000 0.000
4171 0.000 0.000 0.000 0.000
88164 0.000 0.000 0.000 0.000
