#!ascii label  , from subject  vox2ras=TkReg
40
81713 0.000 0.000 0.000 0.000
79905 0.000 0.000 0.000 0.000
79900 0.000 0.000 0.000 0.000
3571 0.000 0.000 0.000 0.000
81719 0.000 0.000 0.000 0.000
81712 0.000 0.000 0.000 0.000
81714 0.000 0.000 0.000 0.000
81718 0.000 0.000 0.000 0.000
79906 0.000 0.000 0.000 0.000
4192 0.000 0.000 0.000 0.000
4193 0.000 0.000 0.000 0.000
81711 0.000 0.000 0.000 0.000
79901 0.000 0.000 0.000 0.000
78415 0.000 0.000 0.000 0.000
81724 0.000 0.000 0.000 0.000
79899 0.000 0.000 0.000 0.000
81722 0.000 0.000 0.000 0.000
79907 0.000 0.000 0.000 0.000
81650 0.000 0.000 0.000 0.000
81646 0.000 0.000 0.000 0.000
4196 0.000 0.000 0.000 0.000
3572 0.000 0.000 0.000 0.000
3012 0.000 0.000 0.000 0.000
81652 0.000 0.000 0.000 0.000
81647 0.000 0.000 0.000 0.000
3555 0.000 0.000 0.000 0.000
78412 0.000 0.000 0.000 0.000
3570 0.000 0.000 0.000 0.000
81720 0.000 0.000 0.000 0.000
81651 0.000 0.000 0.000 0.000
5654 0.000 0.000 0.000 0.000
3556 0.000 0.000 0.000 0.000
81642 0.000 0.000 0.000 0.000
81643 0.000 0.000 0.000 0.000
107492 0.000 0.000 0.000 0.000
75523 0.000 0.000 0.000 0.000
110739 0.000 0.000 0.000 0.000
81721 0.000 0.000 0.000 0.000
88109 0.000 0.000 0.000 0.000
3011 0.000 0.000 0.000 0.000
