#!ascii label  , from subject  vox2ras=TkReg
25
95737 0.000 0.000 0.000 0.000
95738 0.000 0.000 0.000 0.000
95733 0.000 0.000 0.000 0.000
8173 0.000 0.000 0.000 0.000
93543 0.000 0.000 0.000 0.000
8190 0.000 0.000 0.000 0.000
81642 0.000 0.000 0.000 0.000
3556 0.000 0.000 0.000 0.000
95735 0.000 0.000 0.000 0.000
95731 0.000 0.000 0.000 0.000
81647 0.000 0.000 0.000 0.000
3555 0.000 0.000 0.000 0.000
5668 0.000 0.000 0.000 0.000
88162 0.000 0.000 0.000 0.000
95792 0.000 0.000 0.000 0.000
95729 0.000 0.000 0.000 0.000
81646 0.000 0.000 0.000 0.000
95734 0.000 0.000 0.000 0.000
95732 0.000 0.000 0.000 0.000
81650 0.000 0.000 0.000 0.000
95739 0.000 0.000 0.000 0.000
8961 0.000 0.000 0.000 0.000
95793 0.000 0.000 0.000 0.000
81651 0.000 0.000 0.000 0.000
88206 0.000 0.000 0.000 0.000
