#!ascii label  , from subject  vox2ras=TkReg
36
3555 0.000 0.000 0.000 0.000
81643 0.000 0.000 0.000 0.000
81652 0.000 0.000 0.000 0.000
81642 0.000 0.000 0.000 0.000
81650 0.000 0.000 0.000 0.000
81724 0.000 0.000 0.000 0.000
81644 0.000 0.000 0.000 0.000
4196 0.000 0.000 0.000 0.000
81712 0.000 0.000 0.000 0.000
81647 0.000 0.000 0.000 0.000
81713 0.000 0.000 0.000 0.000
78415 0.000 0.000 0.000 0.000
81646 0.000 0.000 0.000 0.000
79900 0.000 0.000 0.000 0.000
3556 0.000 0.000 0.000 0.000
81711 0.000 0.000 0.000 0.000
81714 0.000 0.000 0.000 0.000
4192 0.000 0.000 0.000 0.000
79901 0.000 0.000 0.000 0.000
83601 0.000 0.000 0.000 0.000
83599 0.000 0.000 0.000 0.000
81651 0.000 0.000 0.000 0.000
76876 0.000 0.000 0.000 0.000
4963 0.000 0.000 0.000 0.000
2157 0.000 0.000 0.000 0.000
4172 0.000 0.000 0.000 0.000
2031 0.000 0.000 0.000 0.000
81719 0.000 0.000 0.000 0.000
81725 0.000 0.000 0.000 0.000
3574 0.000 0.000 0.000 0.000
81718 0.000 0.000 0.000 0.000
5652 0.000 0.000 0.000 0.000
88106 0.000 0.000 0.000 0.000
81722 0.000 0.000 0.000 0.000
88107 0.000 0.000 0.000 0.000
3011 0.000 0.000 0.000 0.000
