#!ascii label  , from subject  vox2ras=TkReg
31
95733 0.000 0.000 0.000 0.000
81647 0.000 0.000 0.000 0.000
3555 0.000 0.000 0.000 0.000
81642 0.000 0.000 0.000 0.000
8173 0.000 0.000 0.000 0.000
81650 0.000 0.000 0.000 0.000
81646 0.000 0.000 0.000 0.000
95731 0.000 0.000 0.000 0.000
95737 0.000 0.000 0.000 0.000
95729 0.000 0.000 0.000 0.000
95735 0.000 0.000 0.000 0.000
4196 0.000 0.000 0.000 0.000
8190 0.000 0.000 0.000 0.000
81651 0.000 0.000 0.000 0.000
77212 0.000 0.000 0.000 0.000
81725 0.000 0.000 0.000 0.000
95738 0.000 0.000 0.000 0.000
77213 0.000 0.000 0.000 0.000
79901 0.000 0.000 0.000 0.000
3556 0.000 0.000 0.000 0.000
81724 0.000 0.000 0.000 0.000
81643 0.000 0.000 0.000 0.000
93540 0.000 0.000 0.000 0.000
95732 0.000 0.000 0.000 0.000
95734 0.000 0.000 0.000 0.000
77211 0.000 0.000 0.000 0.000
81652 0.000 0.000 0.000 0.000
95730 0.000 0.000 0.000 0.000
81712 0.000 0.000 0.000 0.000
81644 0.000 0.000 0.000 0.000
81711 0.000 0.000 0.000 0.000
