#!ascii label  , from subject  vox2ras=TkReg
171
90567 0.000 0.000 0.000 0.000
87834 0.000 0.000 0.000 0.000
87836 0.000 0.000 0.000 0.000
87835 0.000 0.000 0.000 0.000
8011 0.000 0.000 0.000 0.000
90565 0.000 0.000 0.000 0.000
82417 0.000 0.000 0.000 0.000
7106 0.000 0.000 0.000 0.000
76576 0.000 0.000 0.000 0.000
84846 0.000 0.000 0.000 0.000
82390 0.000 0.000 0.000 0.000
6177 0.000 0.000 0.000 0.000
4061 0.000 0.000 0.000 0.000
76614 0.000 0.000 0.000 0.000
84838 0.000 0.000 0.000 0.000
84844 0.000 0.000 0.000 0.000
82419 0.000 0.000 0.000 0.000
3488 0.000 0.000 0.000 0.000
76526 0.000 0.000 0.000 0.000
74687 0.000 0.000 0.000 0.000
76534 0.000 0.000 0.000 0.000
87884 0.000 0.000 0.000 0.000
7120 0.000 0.000 0.000 0.000
4060 0.000 0.000 0.000 0.000
84854 0.000 0.000 0.000 0.000
76532 0.000 0.000 0.000 0.000
78310 0.000 0.000 0.000 0.000
4073 0.000 0.000 0.000 0.000
78312 0.000 0.000 0.000 0.000
76494 0.000 0.000 0.000 0.000
90751 0.000 0.000 0.000 0.000
76528 0.000 0.000 0.000 0.000
78311 0.000 0.000 0.000 0.000
87838 0.000 0.000 0.000 0.000
84899 0.000 0.000 0.000 0.000
78309 0.000 0.000 0.000 0.000
76530 0.000 0.000 0.000 0.000
76497 0.000 0.000 0.000 0.000
112382 0.000 0.000 0.000 0.000
76575 0.000 0.000 0.000 0.000
74648 0.000 0.000 0.000 0.000
87883 0.000 0.000 0.000 0.000
78339 0.000 0.000 0.000 0.000
80373 0.000 0.000 0.000 0.000
82391 0.000 0.000 0.000 0.000
74685 0.000 0.000 0.000 0.000
87880 0.000 0.000 0.000 0.000
12109 0.000 0.000 0.000 0.000
87885 0.000 0.000 0.000 0.000
82389 0.000 0.000 0.000 0.000
82418 0.000 0.000 0.000 0.000
90661 0.000 0.000 0.000 0.000
84876 0.000 0.000 0.000 0.000
76572 0.000 0.000 0.000 0.000
3501 0.000 0.000 0.000 0.000
112390 0.000 0.000 0.000 0.000
84896 0.000 0.000 0.000 0.000
76577 0.000 0.000 0.000 0.000
78313 0.000 0.000 0.000 0.000
99728 0.000 0.000 0.000 0.000
84851 0.000 0.000 0.000 0.000
2880 0.000 0.000 0.000 0.000
4074 0.000 0.000 0.000 0.000
76533 0.000 0.000 0.000 0.000
90752 0.000 0.000 0.000 0.000
99727 0.000 0.000 0.000 0.000
3477 0.000 0.000 0.000 0.000
78345 0.000 0.000 0.000 0.000
76536 0.000 0.000 0.000 0.000
76495 0.000 0.000 0.000 0.000
87839 0.000 0.000 0.000 0.000
8038 0.000 0.000 0.000 0.000
74684 0.000 0.000 0.000 0.000
76537 0.000 0.000 0.000 0.000
74650 0.000 0.000 0.000 0.000
80398 0.000 0.000 0.000 0.000
112681 0.000 0.000 0.000 0.000
12128 0.000 0.000 0.000 0.000
11026 0.000 0.000 0.000 0.000
5392 0.000 0.000 0.000 0.000
4092 0.000 0.000 0.000 0.000
15199 0.000 0.000 0.000 0.000
87833 0.000 0.000 0.000 0.000
99673 0.000 0.000 0.000 0.000
99674 0.000 0.000 0.000 0.000
6192 0.000 0.000 0.000 0.000
72787 0.000 0.000 0.000 0.000
76531 0.000 0.000 0.000 0.000
99726 0.000 0.000 0.000 0.000
76611 0.000 0.000 0.000 0.000
74677 0.000 0.000 0.000 0.000
12145 0.000 0.000 0.000 0.000
6186 0.000 0.000 0.000 0.000
78457 0.000 0.000 0.000 0.000
78460 0.000 0.000 0.000 0.000
9084 0.000 0.000 0.000 0.000
15326 0.000 0.000 0.000 0.000
76538 0.000 0.000 0.000 0.000
93951 0.000 0.000 0.000 0.000
112672 0.000 0.000 0.000 0.000
87924 0.000 0.000 0.000 0.000
9921 0.000 0.000 0.000 0.000
87837 0.000 0.000 0.000 0.000
9104 0.000 0.000 0.000 0.000
112680 0.000 0.000 0.000 0.000
112379 0.000 0.000 0.000 0.000
4062 0.000 0.000 0.000 0.000
90671 0.000 0.000 0.000 0.000
7118 0.000 0.000 0.000 0.000
6185 0.000 0.000 0.000 0.000
16464 0.000 0.000 0.000 0.000
87840 0.000 0.000 0.000 0.000
99723 0.000 0.000 0.000 0.000
3476 0.000 0.000 0.000 0.000
8012 0.000 0.000 0.000 0.000
99724 0.000 0.000 0.000 0.000
80374 0.000 0.000 0.000 0.000
2895 0.000 0.000 0.000 0.000
4075 0.000 0.000 0.000 0.000
93395 0.000 0.000 0.000 0.000
90753 0.000 0.000 0.000 0.000
72793 0.000 0.000 0.000 0.000
78348 0.000 0.000 0.000 0.000
84875 0.000 0.000 0.000 0.000
7130 0.000 0.000 0.000 0.000
84914 0.000 0.000 0.000 0.000
112732 0.000 0.000 0.000 0.000
8040 0.000 0.000 0.000 0.000
90672 0.000 0.000 0.000 0.000
99806 0.000 0.000 0.000 0.000
17623 0.000 0.000 0.000 0.000
112388 0.000 0.000 0.000 0.000
80371 0.000 0.000 0.000 0.000
84837 0.000 0.000 0.000 0.000
84901 0.000 0.000 0.000 0.000
112736 0.000 0.000 0.000 0.000
84852 0.000 0.000 0.000 0.000
99721 0.000 0.000 0.000 0.000
96276 0.000 0.000 0.000 0.000
2316 0.000 0.000 0.000 0.000
74682 0.000 0.000 0.000 0.000
76615 0.000 0.000 0.000 0.000
102980 0.000 0.000 0.000 0.000
116032 0.000 0.000 0.000 0.000
99725 0.000 0.000 0.000 0.000
115867 0.000 0.000 0.000 0.000
76498 0.000 0.000 0.000 0.000
76616 0.000 0.000 0.000 0.000
119801 0.000 0.000 0.000 0.000
96277 0.000 0.000 0.000 0.000
12107 0.000 0.000 0.000 0.000
76525 0.000 0.000 0.000 0.000
74683 0.000 0.000 0.000 0.000
16398 0.000 0.000 0.000 0.000
72849 0.000 0.000 0.000 0.000
112734 0.000 0.000 0.000 0.000
123386 0.000 0.000 0.000 0.000
90566 0.000 0.000 0.000 0.000
116098 0.000 0.000 0.000 0.000
116159 0.000 0.000 0.000 0.000
102984 0.000 0.000 0.000 0.000
12144 0.000 0.000 0.000 0.000
99716 0.000 0.000 0.000 0.000
116023 0.000 0.000 0.000 0.000
4715 0.000 0.000 0.000 0.000
72688 0.000 0.000 0.000 0.000
103032 0.000 0.000 0.000 0.000
84877 0.000 0.000 0.000 0.000
102971 0.000 0.000 0.000 0.000
123375 0.000 0.000 0.000 0.000
15304 0.000 0.000 0.000 0.000
