#!ascii label  , from subject  vox2ras=TkReg
168
87839 0.000 0.000 0.000 0.000
87836 0.000 0.000 0.000 0.000
90565 0.000 0.000 0.000 0.000
8011 0.000 0.000 0.000 0.000
87881 0.000 0.000 0.000 0.000
87838 0.000 0.000 0.000 0.000
8038 0.000 0.000 0.000 0.000
87880 0.000 0.000 0.000 0.000
87837 0.000 0.000 0.000 0.000
90567 0.000 0.000 0.000 0.000
90663 0.000 0.000 0.000 0.000
7106 0.000 0.000 0.000 0.000
90661 0.000 0.000 0.000 0.000
90566 0.000 0.000 0.000 0.000
8012 0.000 0.000 0.000 0.000
84870 0.000 0.000 0.000 0.000
87835 0.000 0.000 0.000 0.000
87882 0.000 0.000 0.000 0.000
87834 0.000 0.000 0.000 0.000
84846 0.000 0.000 0.000 0.000
109224 0.000 0.000 0.000 0.000
84840 0.000 0.000 0.000 0.000
112320 0.000 0.000 0.000 0.000
109229 0.000 0.000 0.000 0.000
15203 0.000 0.000 0.000 0.000
14160 0.000 0.000 0.000 0.000
109230 0.000 0.000 0.000 0.000
7118 0.000 0.000 0.000 0.000
87833 0.000 0.000 0.000 0.000
8039 0.000 0.000 0.000 0.000
84837 0.000 0.000 0.000 0.000
112321 0.000 0.000 0.000 0.000
119582 0.000 0.000 0.000 0.000
8065 0.000 0.000 0.000 0.000
109227 0.000 0.000 0.000 0.000
112408 0.000 0.000 0.000 0.000
87840 0.000 0.000 0.000 0.000
84838 0.000 0.000 0.000 0.000
103027 0.000 0.000 0.000 0.000
109221 0.000 0.000 0.000 0.000
94004 0.000 0.000 0.000 0.000
102975 0.000 0.000 0.000 0.000
87842 0.000 0.000 0.000 0.000
7129 0.000 0.000 0.000 0.000
109096 0.000 0.000 0.000 0.000
90662 0.000 0.000 0.000 0.000
112319 0.000 0.000 0.000 0.000
97030 0.000 0.000 0.000 0.000
102973 0.000 0.000 0.000 0.000
15233 0.000 0.000 0.000 0.000
15185 0.000 0.000 0.000 0.000
103030 0.000 0.000 0.000 0.000
15204 0.000 0.000 0.000 0.000
126829 0.000 0.000 0.000 0.000
87920 0.000 0.000 0.000 0.000
109097 0.000 0.000 0.000 0.000
84844 0.000 0.000 0.000 0.000
106127 0.000 0.000 0.000 0.000
7105 0.000 0.000 0.000 0.000
109091 0.000 0.000 0.000 0.000
21156 0.000 0.000 0.000 0.000
112328 0.000 0.000 0.000 0.000
15232 0.000 0.000 0.000 0.000
102972 0.000 0.000 0.000 0.000
7107 0.000 0.000 0.000 0.000
123329 0.000 0.000 0.000 0.000
112330 0.000 0.000 0.000 0.000
12092 0.000 0.000 0.000 0.000
119583 0.000 0.000 0.000 0.000
17558 0.000 0.000 0.000 0.000
11250 0.000 0.000 0.000 0.000
90665 0.000 0.000 0.000 0.000
106130 0.000 0.000 0.000 0.000
126828 0.000 0.000 0.000 0.000
13159 0.000 0.000 0.000 0.000
102969 0.000 0.000 0.000 0.000
84842 0.000 0.000 0.000 0.000
126921 0.000 0.000 0.000 0.000
109095 0.000 0.000 0.000 0.000
109226 0.000 0.000 0.000 0.000
102968 0.000 0.000 0.000 0.000
102974 0.000 0.000 0.000 0.000
97029 0.000 0.000 0.000 0.000
126830 0.000 0.000 0.000 0.000
119584 0.000 0.000 0.000 0.000
19965 0.000 0.000 0.000 0.000
112405 0.000 0.000 0.000 0.000
12128 0.000 0.000 0.000 0.000
13138 0.000 0.000 0.000 0.000
109222 0.000 0.000 0.000 0.000
102967 0.000 0.000 0.000 0.000
12106 0.000 0.000 0.000 0.000
84839 0.000 0.000 0.000 0.000
119619 0.000 0.000 0.000 0.000
119585 0.000 0.000 0.000 0.000
87841 0.000 0.000 0.000 0.000
12125 0.000 0.000 0.000 0.000
16341 0.000 0.000 0.000 0.000
102873 0.000 0.000 0.000 0.000
99673 0.000 0.000 0.000 0.000
19985 0.000 0.000 0.000 0.000
99678 0.000 0.000 0.000 0.000
106129 0.000 0.000 0.000 0.000
102978 0.000 0.000 0.000 0.000
102872 0.000 0.000 0.000 0.000
11026 0.000 0.000 0.000 0.000
109223 0.000 0.000 0.000 0.000
99728 0.000 0.000 0.000 0.000
115860 0.000 0.000 0.000 0.000
106123 0.000 0.000 0.000 0.000
102935 0.000 0.000 0.000 0.000
99672 0.000 0.000 0.000 0.000
112323 0.000 0.000 0.000 0.000
102977 0.000 0.000 0.000 0.000
12093 0.000 0.000 0.000 0.000
71437 0.000 0.000 0.000 0.000
112325 0.000 0.000 0.000 0.000
87843 0.000 0.000 0.000 0.000
112324 0.000 0.000 0.000 0.000
97067 0.000 0.000 0.000 0.000
99717 0.000 0.000 0.000 0.000
14131 0.000 0.000 0.000 0.000
13160 0.000 0.000 0.000 0.000
13173 0.000 0.000 0.000 0.000
8013 0.000 0.000 0.000 0.000
102938 0.000 0.000 0.000 0.000
119621 0.000 0.000 0.000 0.000
106125 0.000 0.000 0.000 0.000
14181 0.000 0.000 0.000 0.000
2301 0.000 0.000 0.000 0.000
72840 0.000 0.000 0.000 0.000
87919 0.000 0.000 0.000 0.000
90668 0.000 0.000 0.000 0.000
11025 0.000 0.000 0.000 0.000
119644 0.000 0.000 0.000 0.000
12107 0.000 0.000 0.000 0.000
112322 0.000 0.000 0.000 0.000
15186 0.000 0.000 0.000 0.000
12111 0.000 0.000 0.000 0.000
99791 0.000 0.000 0.000 0.000
106128 0.000 0.000 0.000 0.000
109220 0.000 0.000 0.000 0.000
72843 0.000 0.000 0.000 0.000
11050 0.000 0.000 0.000 0.000
103025 0.000 0.000 0.000 0.000
123315 0.000 0.000 0.000 0.000
12124 0.000 0.000 0.000 0.000
102871 0.000 0.000 0.000 0.000
71438 0.000 0.000 0.000 0.000
102875 0.000 0.000 0.000 0.000
126920 0.000 0.000 0.000 0.000
17572 0.000 0.000 0.000 0.000
102976 0.000 0.000 0.000 0.000
84849 0.000 0.000 0.000 0.000
106182 0.000 0.000 0.000 0.000
106126 0.000 0.000 0.000 0.000
109228 0.000 0.000 0.000 0.000
87846 0.000 0.000 0.000 0.000
102982 0.000 0.000 0.000 0.000
99674 0.000 0.000 0.000 0.000
99729 0.000 0.000 0.000 0.000
106134 0.000 0.000 0.000 0.000
12110 0.000 0.000 0.000 0.000
119580 0.000 0.000 0.000 0.000
102881 0.000 0.000 0.000 0.000
123313 0.000 0.000 0.000 0.000
71436 0.000 0.000 0.000 0.000
71440 0.000 0.000 0.000 0.000
