#!ascii label  , from subject  vox2ras=TkReg
197
126716 0.000 0.000 0.000 0.000
115886 0.000 0.000 0.000 0.000
112348 0.000 0.000 0.000 0.000
19934 0.000 0.000 0.000 0.000
115860 0.000 0.000 0.000 0.000
115853 0.000 0.000 0.000 0.000
126714 0.000 0.000 0.000 0.000
126715 0.000 0.000 0.000 0.000
123214 0.000 0.000 0.000 0.000
115887 0.000 0.000 0.000 0.000
20021 0.000 0.000 0.000 0.000
15195 0.000 0.000 0.000 0.000
115850 0.000 0.000 0.000 0.000
119568 0.000 0.000 0.000 0.000
115858 0.000 0.000 0.000 0.000
21079 0.000 0.000 0.000 0.000
115852 0.000 0.000 0.000 0.000
19943 0.000 0.000 0.000 0.000
130151 0.000 0.000 0.000 0.000
119619 0.000 0.000 0.000 0.000
109165 0.000 0.000 0.000 0.000
126746 0.000 0.000 0.000 0.000
133496 0.000 0.000 0.000 0.000
115888 0.000 0.000 0.000 0.000
130150 0.000 0.000 0.000 0.000
22224 0.000 0.000 0.000 0.000
17584 0.000 0.000 0.000 0.000
126828 0.000 0.000 0.000 0.000
17572 0.000 0.000 0.000 0.000
18763 0.000 0.000 0.000 0.000
133498 0.000 0.000 0.000 0.000
19965 0.000 0.000 0.000 0.000
21156 0.000 0.000 0.000 0.000
123315 0.000 0.000 0.000 0.000
115833 0.000 0.000 0.000 0.000
109157 0.000 0.000 0.000 0.000
130099 0.000 0.000 0.000 0.000
123329 0.000 0.000 0.000 0.000
17578 0.000 0.000 0.000 0.000
119642 0.000 0.000 0.000 0.000
112354 0.000 0.000 0.000 0.000
17571 0.000 0.000 0.000 0.000
133522 0.000 0.000 0.000 0.000
123314 0.000 0.000 0.000 0.000
126830 0.000 0.000 0.000 0.000
126748 0.000 0.000 0.000 0.000
130105 0.000 0.000 0.000 0.000
119632 0.000 0.000 0.000 0.000
133436 0.000 0.000 0.000 0.000
112344 0.000 0.000 0.000 0.000
123313 0.000 0.000 0.000 0.000
109166 0.000 0.000 0.000 0.000
130152 0.000 0.000 0.000 0.000
112356 0.000 0.000 0.000 0.000
21078 0.000 0.000 0.000 0.000
123278 0.000 0.000 0.000 0.000
130098 0.000 0.000 0.000 0.000
17558 0.000 0.000 0.000 0.000
119582 0.000 0.000 0.000 0.000
16365 0.000 0.000 0.000 0.000
14151 0.000 0.000 0.000 0.000
112359 0.000 0.000 0.000 0.000
126921 0.000 0.000 0.000 0.000
123188 0.000 0.000 0.000 0.000
112353 0.000 0.000 0.000 0.000
16346 0.000 0.000 0.000 0.000
22213 0.000 0.000 0.000 0.000
133497 0.000 0.000 0.000 0.000
130147 0.000 0.000 0.000 0.000
123215 0.000 0.000 0.000 0.000
18790 0.000 0.000 0.000 0.000
123187 0.000 0.000 0.000 0.000
126747 0.000 0.000 0.000 0.000
130179 0.000 0.000 0.000 0.000
16335 0.000 0.000 0.000 0.000
16334 0.000 0.000 0.000 0.000
126818 0.000 0.000 0.000 0.000
123249 0.000 0.000 0.000 0.000
123213 0.000 0.000 0.000 0.000
119563 0.000 0.000 0.000 0.000
119643 0.000 0.000 0.000 0.000
112347 0.000 0.000 0.000 0.000
119620 0.000 0.000 0.000 0.000
119562 0.000 0.000 0.000 0.000
119645 0.000 0.000 0.000 0.000
14152 0.000 0.000 0.000 0.000
130097 0.000 0.000 0.000 0.000
115849 0.000 0.000 0.000 0.000
115913 0.000 0.000 0.000 0.000
109167 0.000 0.000 0.000 0.000
119580 0.000 0.000 0.000 0.000
133523 0.000 0.000 0.000 0.000
126657 0.000 0.000 0.000 0.000
112363 0.000 0.000 0.000 0.000
130403 0.000 0.000 0.000 0.000
112361 0.000 0.000 0.000 0.000
130178 0.000 0.000 0.000 0.000
22234 0.000 0.000 0.000 0.000
23515 0.000 0.000 0.000 0.000
133524 0.000 0.000 0.000 0.000
119644 0.000 0.000 0.000 0.000
23484 0.000 0.000 0.000 0.000
112352 0.000 0.000 0.000 0.000
21064 0.000 0.000 0.000 0.000
123185 0.000 0.000 0.000 0.000
123186 0.000 0.000 0.000 0.000
23534 0.000 0.000 0.000 0.000
106155 0.000 0.000 0.000 0.000
130103 0.000 0.000 0.000 0.000
18796 0.000 0.000 0.000 0.000
15224 0.000 0.000 0.000 0.000
17577 0.000 0.000 0.000 0.000
106162 0.000 0.000 0.000 0.000
133565 0.000 0.000 0.000 0.000
23554 0.000 0.000 0.000 0.000
133567 0.000 0.000 0.000 0.000
112349 0.000 0.000 0.000 0.000
130148 0.000 0.000 0.000 0.000
16349 0.000 0.000 0.000 0.000
115912 0.000 0.000 0.000 0.000
106120 0.000 0.000 0.000 0.000
112460 0.000 0.000 0.000 0.000
130096 0.000 0.000 0.000 0.000
112358 0.000 0.000 0.000 0.000
133434 0.000 0.000 0.000 0.000
119633 0.000 0.000 0.000 0.000
126829 0.000 0.000 0.000 0.000
17535 0.000 0.000 0.000 0.000
123328 0.000 0.000 0.000 0.000
21089 0.000 0.000 0.000 0.000
109171 0.000 0.000 0.000 0.000
106160 0.000 0.000 0.000 0.000
137558 0.000 0.000 0.000 0.000
133435 0.000 0.000 0.000 0.000
112306 0.000 0.000 0.000 0.000
130330 0.000 0.000 0.000 0.000
130104 0.000 0.000 0.000 0.000
119634 0.000 0.000 0.000 0.000
137706 0.000 0.000 0.000 0.000
130328 0.000 0.000 0.000 0.000
109176 0.000 0.000 0.000 0.000
112355 0.000 0.000 0.000 0.000
109168 0.000 0.000 0.000 0.000
130180 0.000 0.000 0.000 0.000
112307 0.000 0.000 0.000 0.000
119635 0.000 0.000 0.000 0.000
19921 0.000 0.000 0.000 0.000
109169 0.000 0.000 0.000 0.000
112362 0.000 0.000 0.000 0.000
22235 0.000 0.000 0.000 0.000
123181 0.000 0.000 0.000 0.000
130191 0.000 0.000 0.000 0.000
119564 0.000 0.000 0.000 0.000
112308 0.000 0.000 0.000 0.000
115908 0.000 0.000 0.000 0.000
112305 0.000 0.000 0.000 0.000
133431 0.000 0.000 0.000 0.000
130175 0.000 0.000 0.000 0.000
133568 0.000 0.000 0.000 0.000
21063 0.000 0.000 0.000 0.000
133569 0.000 0.000 0.000 0.000
109174 0.000 0.000 0.000 0.000
21090 0.000 0.000 0.000 0.000
112357 0.000 0.000 0.000 0.000
109172 0.000 0.000 0.000 0.000
15223 0.000 0.000 0.000 0.000
106116 0.000 0.000 0.000 0.000
112315 0.000 0.000 0.000 0.000
112351 0.000 0.000 0.000 0.000
115845 0.000 0.000 0.000 0.000
115910 0.000 0.000 0.000 0.000
102920 0.000 0.000 0.000 0.000
109214 0.000 0.000 0.000 0.000
15184 0.000 0.000 0.000 0.000
112345 0.000 0.000 0.000 0.000
15196 0.000 0.000 0.000 0.000
112377 0.000 0.000 0.000 0.000
133570 0.000 0.000 0.000 0.000
123468 0.000 0.000 0.000 0.000
109265 0.000 0.000 0.000 0.000
137643 0.000 0.000 0.000 0.000
17534 0.000 0.000 0.000 0.000
112304 0.000 0.000 0.000 0.000
119630 0.000 0.000 0.000 0.000
119646 0.000 0.000 0.000 0.000
119631 0.000 0.000 0.000 0.000
130149 0.000 0.000 0.000 0.000
109156 0.000 0.000 0.000 0.000
133571 0.000 0.000 0.000 0.000
106113 0.000 0.000 0.000 0.000
15193 0.000 0.000 0.000 0.000
13125 0.000 0.000 0.000 0.000
126777 0.000 0.000 0.000 0.000
137641 0.000 0.000 0.000 0.000
126979 0.000 0.000 0.000 0.000
137560 0.000 0.000 0.000 0.000
14190 0.000 0.000 0.000 0.000
