#!ascii label  , from subject  vox2ras=TkReg
20
95738 0.000 0.000 0.000 0.000
95737 0.000 0.000 0.000 0.000
8961 0.000 0.000 0.000 0.000
95793 0.000 0.000 0.000 0.000
95794 0.000 0.000 0.000 0.000
95735 0.000 0.000 0.000 0.000
95739 0.000 0.000 0.000 0.000
8974 0.000 0.000 0.000 0.000
95734 0.000 0.000 0.000 0.000
98068 0.000 0.000 0.000 0.000
98112 0.000 0.000 0.000 0.000
95826 0.000 0.000 0.000 0.000
98067 0.000 0.000 0.000 0.000
98113 0.000 0.000 0.000 0.000
8943 0.000 0.000 0.000 0.000
114064 0.000 0.000 0.000 0.000
98148 0.000 0.000 0.000 0.000
114120 0.000 0.000 0.000 0.000
8962 0.000 0.000 0.000 0.000
14157 0.000 0.000 0.000 0.000
