#!ascii label  , from subject  vox2ras=TkReg
32
113460 0.000 0.000 0.000 0.000
110179 0.000 0.000 0.000 0.000
110178 0.000 0.000 0.000 0.000
113459 0.000 0.000 0.000 0.000
110176 0.000 0.000 0.000 0.000
110177 0.000 0.000 0.000 0.000
13952 0.000 0.000 0.000 0.000
16267 0.000 0.000 0.000 0.000
106882 0.000 0.000 0.000 0.000
106880 0.000 0.000 0.000 0.000
110180 0.000 0.000 0.000 0.000
15062 0.000 0.000 0.000 0.000
113422 0.000 0.000 0.000 0.000
116978 0.000 0.000 0.000 0.000
12854 0.000 0.000 0.000 0.000
110118 0.000 0.000 0.000 0.000
107492 0.000 0.000 0.000 0.000
13935 0.000 0.000 0.000 0.000
110181 0.000 0.000 0.000 0.000
116977 0.000 0.000 0.000 0.000
113462 0.000 0.000 0.000 0.000
110739 0.000 0.000 0.000 0.000
13976 0.000 0.000 0.000 0.000
113461 0.000 0.000 0.000 0.000
114131 0.000 0.000 0.000 0.000
120481 0.000 0.000 0.000 0.000
110737 0.000 0.000 0.000 0.000
14160 0.000 0.000 0.000 0.000
12899 0.000 0.000 0.000 0.000
110068 0.000 0.000 0.000 0.000
113463 0.000 0.000 0.000 0.000
114004 0.000 0.000 0.000 0.000
