#!ascii label  , from subject  vox2ras=TkReg
46
79698 0.000 0.000 0.000 0.000
79740 0.000 0.000 0.000 0.000
79699 0.000 0.000 0.000 0.000
2972 0.000 0.000 0.000 0.000
79742 0.000 0.000 0.000 0.000
79741 0.000 0.000 0.000 0.000
81515 0.000 0.000 0.000 0.000
79795 0.000 0.000 0.000 0.000
3526 0.000 0.000 0.000 0.000
3510 0.000 0.000 0.000 0.000
3527 0.000 0.000 0.000 0.000
78287 0.000 0.000 0.000 0.000
81521 0.000 0.000 0.000 0.000
81464 0.000 0.000 0.000 0.000
81513 0.000 0.000 0.000 0.000
79791 0.000 0.000 0.000 0.000
98072 0.000 0.000 0.000 0.000
81514 0.000 0.000 0.000 0.000
98076 0.000 0.000 0.000 0.000
98068 0.000 0.000 0.000 0.000
79792 0.000 0.000 0.000 0.000
9904 0.000 0.000 0.000 0.000
114063 0.000 0.000 0.000 0.000
3511 0.000 0.000 0.000 0.000
114121 0.000 0.000 0.000 0.000
9922 0.000 0.000 0.000 0.000
98074 0.000 0.000 0.000 0.000
100895 0.000 0.000 0.000 0.000
98071 0.000 0.000 0.000 0.000
8944 0.000 0.000 0.000 0.000
8962 0.000 0.000 0.000 0.000
114065 0.000 0.000 0.000 0.000
14143 0.000 0.000 0.000 0.000
100970 0.000 0.000 0.000 0.000
114008 0.000 0.000 0.000 0.000
98112 0.000 0.000 0.000 0.000
100971 0.000 0.000 0.000 0.000
79793 0.000 0.000 0.000 0.000
114155 0.000 0.000 0.000 0.000
104137 0.000 0.000 0.000 0.000
95739 0.000 0.000 0.000 0.000
100894 0.000 0.000 0.000 0.000
110828 0.000 0.000 0.000 0.000
98114 0.000 0.000 0.000 0.000
10885 0.000 0.000 0.000 0.000
8961 0.000 0.000 0.000 0.000
