#!ascii label  , from subject  vox2ras=TkReg
34
110179 0.000 0.000 0.000 0.000
110181 0.000 0.000 0.000 0.000
106882 0.000 0.000 0.000 0.000
110176 0.000 0.000 0.000 0.000
116978 0.000 0.000 0.000 0.000
16267 0.000 0.000 0.000 0.000
106880 0.000 0.000 0.000 0.000
12854 0.000 0.000 0.000 0.000
120543 0.000 0.000 0.000 0.000
116979 0.000 0.000 0.000 0.000
113460 0.000 0.000 0.000 0.000
116977 0.000 0.000 0.000 0.000
120481 0.000 0.000 0.000 0.000
13976 0.000 0.000 0.000 0.000
124145 0.000 0.000 0.000 0.000
110245 0.000 0.000 0.000 0.000
110180 0.000 0.000 0.000 0.000
113459 0.000 0.000 0.000 0.000
15062 0.000 0.000 0.000 0.000
106883 0.000 0.000 0.000 0.000
116925 0.000 0.000 0.000 0.000
110177 0.000 0.000 0.000 0.000
113463 0.000 0.000 0.000 0.000
113422 0.000 0.000 0.000 0.000
124093 0.000 0.000 0.000 0.000
13935 0.000 0.000 0.000 0.000
116926 0.000 0.000 0.000 0.000
106881 0.000 0.000 0.000 0.000
106884 0.000 0.000 0.000 0.000
110178 0.000 0.000 0.000 0.000
113612 0.000 0.000 0.000 0.000
113462 0.000 0.000 0.000 0.000
110118 0.000 0.000 0.000 0.000
17455 0.000 0.000 0.000 0.000
