#!ascii label  , from subject  vox2ras=TkReg
19
95737 0.000 0.000 0.000 0.000
95738 0.000 0.000 0.000 0.000
95735 0.000 0.000 0.000 0.000
95734 0.000 0.000 0.000 0.000
95739 0.000 0.000 0.000 0.000
8961 0.000 0.000 0.000 0.000
95793 0.000 0.000 0.000 0.000
95794 0.000 0.000 0.000 0.000
8943 0.000 0.000 0.000 0.000
95730 0.000 0.000 0.000 0.000
114120 0.000 0.000 0.000 0.000
8974 0.000 0.000 0.000 0.000
98068 0.000 0.000 0.000 0.000
110777 0.000 0.000 0.000 0.000
114062 0.000 0.000 0.000 0.000
8942 0.000 0.000 0.000 0.000
95736 0.000 0.000 0.000 0.000
98067 0.000 0.000 0.000 0.000
110778 0.000 0.000 0.000 0.000
