#!ascii label  , from subject  vox2ras=TkReg
39
8961 0.000 0.000 0.000 0.000
98068 0.000 0.000 0.000 0.000
95794 0.000 0.000 0.000 0.000
98112 0.000 0.000 0.000 0.000
79699 0.000 0.000 0.000 0.000
98113 0.000 0.000 0.000 0.000
95737 0.000 0.000 0.000 0.000
95738 0.000 0.000 0.000 0.000
95739 0.000 0.000 0.000 0.000
8974 0.000 0.000 0.000 0.000
8944 0.000 0.000 0.000 0.000
8962 0.000 0.000 0.000 0.000
98074 0.000 0.000 0.000 0.000
98072 0.000 0.000 0.000 0.000
79740 0.000 0.000 0.000 0.000
98071 0.000 0.000 0.000 0.000
9922 0.000 0.000 0.000 0.000
98114 0.000 0.000 0.000 0.000
2972 0.000 0.000 0.000 0.000
8975 0.000 0.000 0.000 0.000
98147 0.000 0.000 0.000 0.000
81513 0.000 0.000 0.000 0.000
98069 0.000 0.000 0.000 0.000
98076 0.000 0.000 0.000 0.000
98075 0.000 0.000 0.000 0.000
98115 0.000 0.000 0.000 0.000
98070 0.000 0.000 0.000 0.000
98116 0.000 0.000 0.000 0.000
98117 0.000 0.000 0.000 0.000
81515 0.000 0.000 0.000 0.000
79698 0.000 0.000 0.000 0.000
98067 0.000 0.000 0.000 0.000
3527 0.000 0.000 0.000 0.000
9940 0.000 0.000 0.000 0.000
9904 0.000 0.000 0.000 0.000
8943 0.000 0.000 0.000 0.000
95826 0.000 0.000 0.000 0.000
81514 0.000 0.000 0.000 0.000
79741 0.000 0.000 0.000 0.000
