#!ascii label  , from subject  vox2ras=TkReg
19
8961 0.000 0.000 0.000 0.000
95738 0.000 0.000 0.000 0.000
95737 0.000 0.000 0.000 0.000
95794 0.000 0.000 0.000 0.000
95793 0.000 0.000 0.000 0.000
98068 0.000 0.000 0.000 0.000
95735 0.000 0.000 0.000 0.000
98148 0.000 0.000 0.000 0.000
8974 0.000 0.000 0.000 0.000
95739 0.000 0.000 0.000 0.000
98113 0.000 0.000 0.000 0.000
98112 0.000 0.000 0.000 0.000
98147 0.000 0.000 0.000 0.000
98150 0.000 0.000 0.000 0.000
8962 0.000 0.000 0.000 0.000
98114 0.000 0.000 0.000 0.000
95736 0.000 0.000 0.000 0.000
98067 0.000 0.000 0.000 0.000
98070 0.000 0.000 0.000 0.000
