#!ascii label  , from subject  vox2ras=TkReg
21
116978 0.000 0.000 0.000 0.000
116979 0.000 0.000 0.000 0.000
12899 0.000 0.000 0.000 0.000
116977 0.000 0.000 0.000 0.000
17455 0.000 0.000 0.000 0.000
110245 0.000 0.000 0.000 0.000
120541 0.000 0.000 0.000 0.000
120480 0.000 0.000 0.000 0.000
110181 0.000 0.000 0.000 0.000
124093 0.000 0.000 0.000 0.000
16267 0.000 0.000 0.000 0.000
110242 0.000 0.000 0.000 0.000
110243 0.000 0.000 0.000 0.000
116980 0.000 0.000 0.000 0.000
120479 0.000 0.000 0.000 0.000
116925 0.000 0.000 0.000 0.000
113612 0.000 0.000 0.000 0.000
124091 0.000 0.000 0.000 0.000
120542 0.000 0.000 0.000 0.000
113463 0.000 0.000 0.000 0.000
110244 0.000 0.000 0.000 0.000
