#!ascii label  , from subject  vox2ras=TkReg
200
82051 0.000 0.000 0.000 0.000
84512 0.000 0.000 0.000 0.000
10928 0.000 0.000 0.000 0.000
87313 0.000 0.000 0.000 0.000
99424 0.000 0.000 0.000 0.000
82052 0.000 0.000 0.000 0.000
96039 0.000 0.000 0.000 0.000
106093 0.000 0.000 0.000 0.000
8887 0.000 0.000 0.000 0.000
106092 0.000 0.000 0.000 0.000
90048 0.000 0.000 0.000 0.000
11080 0.000 0.000 0.000 0.000
96532 0.000 0.000 0.000 0.000
109171 0.000 0.000 0.000 0.000
93530 0.000 0.000 0.000 0.000
106094 0.000 0.000 0.000 0.000
96118 0.000 0.000 0.000 0.000
93181 0.000 0.000 0.000 0.000
96534 0.000 0.000 0.000 0.000
93144 0.000 0.000 0.000 0.000
93175 0.000 0.000 0.000 0.000
93182 0.000 0.000 0.000 0.000
96034 0.000 0.000 0.000 0.000
93146 0.000 0.000 0.000 0.000
87368 0.000 0.000 0.000 0.000
96533 0.000 0.000 0.000 0.000
84513 0.000 0.000 0.000 0.000
14172 0.000 0.000 0.000 0.000
93272 0.000 0.000 0.000 0.000
93150 0.000 0.000 0.000 0.000
10943 0.000 0.000 0.000 0.000
11048 0.000 0.000 0.000 0.000
93101 0.000 0.000 0.000 0.000
93152 0.000 0.000 0.000 0.000
93177 0.000 0.000 0.000 0.000
99785 0.000 0.000 0.000 0.000
14153 0.000 0.000 0.000 0.000
103027 0.000 0.000 0.000 0.000
93528 0.000 0.000 0.000 0.000
93090 0.000 0.000 0.000 0.000
8850 0.000 0.000 0.000 0.000
96038 0.000 0.000 0.000 0.000
9880 0.000 0.000 0.000 0.000
109167 0.000 0.000 0.000 0.000
109512 0.000 0.000 0.000 0.000
5283 0.000 0.000 0.000 0.000
109173 0.000 0.000 0.000 0.000
93143 0.000 0.000 0.000 0.000
87311 0.000 0.000 0.000 0.000
84277 0.000 0.000 0.000 0.000
13133 0.000 0.000 0.000 0.000
9979 0.000 0.000 0.000 0.000
93199 0.000 0.000 0.000 0.000
93108 0.000 0.000 0.000 0.000
90047 0.000 0.000 0.000 0.000
106091 0.000 0.000 0.000 0.000
93228 0.000 0.000 0.000 0.000
82024 0.000 0.000 0.000 0.000
93155 0.000 0.000 0.000 0.000
14280 0.000 0.000 0.000 0.000
96460 0.000 0.000 0.000 0.000
93183 0.000 0.000 0.000 0.000
93153 0.000 0.000 0.000 0.000
96037 0.000 0.000 0.000 0.000
84279 0.000 0.000 0.000 0.000
8842 0.000 0.000 0.000 0.000
93176 0.000 0.000 0.000 0.000
109182 0.000 0.000 0.000 0.000
8852 0.000 0.000 0.000 0.000
5992 0.000 0.000 0.000 0.000
103030 0.000 0.000 0.000 0.000
93145 0.000 0.000 0.000 0.000
109265 0.000 0.000 0.000 0.000
84278 0.000 0.000 0.000 0.000
87371 0.000 0.000 0.000 0.000
87369 0.000 0.000 0.000 0.000
90049 0.000 0.000 0.000 0.000
103265 0.000 0.000 0.000 0.000
109157 0.000 0.000 0.000 0.000
9879 0.000 0.000 0.000 0.000
93227 0.000 0.000 0.000 0.000
93198 0.000 0.000 0.000 0.000
102978 0.000 0.000 0.000 0.000
8841 0.000 0.000 0.000 0.000
93149 0.000 0.000 0.000 0.000
109214 0.000 0.000 0.000 0.000
93113 0.000 0.000 0.000 0.000
8862 0.000 0.000 0.000 0.000
8844 0.000 0.000 0.000 0.000
8960 0.000 0.000 0.000 0.000
14173 0.000 0.000 0.000 0.000
9858 0.000 0.000 0.000 0.000
96176 0.000 0.000 0.000 0.000
93157 0.000 0.000 0.000 0.000
93088 0.000 0.000 0.000 0.000
87378 0.000 0.000 0.000 0.000
103264 0.000 0.000 0.000 0.000
82049 0.000 0.000 0.000 0.000
96202 0.000 0.000 0.000 0.000
93147 0.000 0.000 0.000 0.000
8851 0.000 0.000 0.000 0.000
93156 0.000 0.000 0.000 0.000
93086 0.000 0.000 0.000 0.000
90508 0.000 0.000 0.000 0.000
6959 0.000 0.000 0.000 0.000
93094 0.000 0.000 0.000 0.000
76619 0.000 0.000 0.000 0.000
99799 0.000 0.000 0.000 0.000
103266 0.000 0.000 0.000 0.000
106090 0.000 0.000 0.000 0.000
12219 0.000 0.000 0.000 0.000
84510 0.000 0.000 0.000 0.000
106098 0.000 0.000 0.000 0.000
93091 0.000 0.000 0.000 0.000
7999 0.000 0.000 0.000 0.000
6051 0.000 0.000 0.000 0.000
106155 0.000 0.000 0.000 0.000
9835 0.000 0.000 0.000 0.000
82053 0.000 0.000 0.000 0.000
93184 0.000 0.000 0.000 0.000
102917 0.000 0.000 0.000 0.000
93151 0.000 0.000 0.000 0.000
109178 0.000 0.000 0.000 0.000
109544 0.000 0.000 0.000 0.000
93154 0.000 0.000 0.000 0.000
5973 0.000 0.000 0.000 0.000
102976 0.000 0.000 0.000 0.000
87312 0.000 0.000 0.000 0.000
96458 0.000 0.000 0.000 0.000
84281 0.000 0.000 0.000 0.000
90506 0.000 0.000 0.000 0.000
90537 0.000 0.000 0.000 0.000
9033 0.000 0.000 0.000 0.000
106162 0.000 0.000 0.000 0.000
8025 0.000 0.000 0.000 0.000
84511 0.000 0.000 0.000 0.000
93185 0.000 0.000 0.000 0.000
8831 0.000 0.000 0.000 0.000
109502 0.000 0.000 0.000 0.000
90439 0.000 0.000 0.000 0.000
90211 0.000 0.000 0.000 0.000
8861 0.000 0.000 0.000 0.000
93733 0.000 0.000 0.000 0.000
74819 0.000 0.000 0.000 0.000
80268 0.000 0.000 0.000 0.000
109180 0.000 0.000 0.000 0.000
93089 0.000 0.000 0.000 0.000
109517 0.000 0.000 0.000 0.000
84308 0.000 0.000 0.000 0.000
93187 0.000 0.000 0.000 0.000
93160 0.000 0.000 0.000 0.000
84704 0.000 0.000 0.000 0.000
84261 0.000 0.000 0.000 0.000
14269 0.000 0.000 0.000 0.000
90447 0.000 0.000 0.000 0.000
82050 0.000 0.000 0.000 0.000
7861 0.000 0.000 0.000 0.000
89970 0.000 0.000 0.000 0.000
5349 0.000 0.000 0.000 0.000
84708 0.000 0.000 0.000 0.000
82256 0.000 0.000 0.000 0.000
109501 0.000 0.000 0.000 0.000
5282 0.000 0.000 0.000 0.000
82021 0.000 0.000 0.000 0.000
103231 0.000 0.000 0.000 0.000
87146 0.000 0.000 0.000 0.000
82270 0.000 0.000 0.000 0.000
82264 0.000 0.000 0.000 0.000
106406 0.000 0.000 0.000 0.000
87136 0.000 0.000 0.000 0.000
96536 0.000 0.000 0.000 0.000
93098 0.000 0.000 0.000 0.000
106095 0.000 0.000 0.000 0.000
93197 0.000 0.000 0.000 0.000
82260 0.000 0.000 0.000 0.000
8843 0.000 0.000 0.000 0.000
103025 0.000 0.000 0.000 0.000
89974 0.000 0.000 0.000 0.000
84260 0.000 0.000 0.000 0.000
9869 0.000 0.000 0.000 0.000
109481 0.000 0.000 0.000 0.000
96174 0.000 0.000 0.000 0.000
109515 0.000 0.000 0.000 0.000
89964 0.000 0.000 0.000 0.000
90159 0.000 0.000 0.000 0.000
89999 0.000 0.000 0.000 0.000
96530 0.000 0.000 0.000 0.000
90440 0.000 0.000 0.000 0.000
80266 0.000 0.000 0.000 0.000
109503 0.000 0.000 0.000 0.000
93100 0.000 0.000 0.000 0.000
93193 0.000 0.000 0.000 0.000
96030 0.000 0.000 0.000 0.000
6126 0.000 0.000 0.000 0.000
8853 0.000 0.000 0.000 0.000
82268 0.000 0.000 0.000 0.000
14267 0.000 0.000 0.000 0.000
82255 0.000 0.000 0.000 0.000
93270 0.000 0.000 0.000 0.000
5270 0.000 0.000 0.000 0.000
