#!ascii label  , from subject  vox2ras=TkReg
127
87839 0.000 0.000 0.000 0.000
8011 0.000 0.000 0.000 0.000
87837 0.000 0.000 0.000 0.000
4060 0.000 0.000 0.000 0.000
87838 0.000 0.000 0.000 0.000
76528 0.000 0.000 0.000 0.000
87833 0.000 0.000 0.000 0.000
87836 0.000 0.000 0.000 0.000
87834 0.000 0.000 0.000 0.000
76524 0.000 0.000 0.000 0.000
7106 0.000 0.000 0.000 0.000
84840 0.000 0.000 0.000 0.000
90565 0.000 0.000 0.000 0.000
8038 0.000 0.000 0.000 0.000
76523 0.000 0.000 0.000 0.000
74719 0.000 0.000 0.000 0.000
76529 0.000 0.000 0.000 0.000
76527 0.000 0.000 0.000 0.000
7105 0.000 0.000 0.000 0.000
3475 0.000 0.000 0.000 0.000
78339 0.000 0.000 0.000 0.000
4073 0.000 0.000 0.000 0.000
87835 0.000 0.000 0.000 0.000
76568 0.000 0.000 0.000 0.000
10149 0.000 0.000 0.000 0.000
84842 0.000 0.000 0.000 0.000
78338 0.000 0.000 0.000 0.000
78341 0.000 0.000 0.000 0.000
14160 0.000 0.000 0.000 0.000
87880 0.000 0.000 0.000 0.000
90567 0.000 0.000 0.000 0.000
94004 0.000 0.000 0.000 0.000
100380 0.000 0.000 0.000 0.000
76526 0.000 0.000 0.000 0.000
109229 0.000 0.000 0.000 0.000
4686 0.000 0.000 0.000 0.000
84839 0.000 0.000 0.000 0.000
84846 0.000 0.000 0.000 0.000
84837 0.000 0.000 0.000 0.000
7118 0.000 0.000 0.000 0.000
84841 0.000 0.000 0.000 0.000
87881 0.000 0.000 0.000 0.000
109227 0.000 0.000 0.000 0.000
97031 0.000 0.000 0.000 0.000
112321 0.000 0.000 0.000 0.000
12340 0.000 0.000 0.000 0.000
109222 0.000 0.000 0.000 0.000
109224 0.000 0.000 0.000 0.000
97029 0.000 0.000 0.000 0.000
109226 0.000 0.000 0.000 0.000
80325 0.000 0.000 0.000 0.000
97030 0.000 0.000 0.000 0.000
93954 0.000 0.000 0.000 0.000
109228 0.000 0.000 0.000 0.000
76525 0.000 0.000 0.000 0.000
5369 0.000 0.000 0.000 0.000
109096 0.000 0.000 0.000 0.000
3474 0.000 0.000 0.000 0.000
109091 0.000 0.000 0.000 0.000
4685 0.000 0.000 0.000 0.000
97067 0.000 0.000 0.000 0.000
84843 0.000 0.000 0.000 0.000
112408 0.000 0.000 0.000 0.000
15204 0.000 0.000 0.000 0.000
102970 0.000 0.000 0.000 0.000
8012 0.000 0.000 0.000 0.000
112319 0.000 0.000 0.000 0.000
103029 0.000 0.000 0.000 0.000
11250 0.000 0.000 0.000 0.000
78343 0.000 0.000 0.000 0.000
102967 0.000 0.000 0.000 0.000
15233 0.000 0.000 0.000 0.000
109097 0.000 0.000 0.000 0.000
12107 0.000 0.000 0.000 0.000
14161 0.000 0.000 0.000 0.000
84838 0.000 0.000 0.000 0.000
80295 0.000 0.000 0.000 0.000
109092 0.000 0.000 0.000 0.000
10163 0.000 0.000 0.000 0.000
14131 0.000 0.000 0.000 0.000
102969 0.000 0.000 0.000 0.000
119589 0.000 0.000 0.000 0.000
109221 0.000 0.000 0.000 0.000
103028 0.000 0.000 0.000 0.000
109230 0.000 0.000 0.000 0.000
84899 0.000 0.000 0.000 0.000
109095 0.000 0.000 0.000 0.000
12106 0.000 0.000 0.000 0.000
112320 0.000 0.000 0.000 0.000
74679 0.000 0.000 0.000 0.000
100319 0.000 0.000 0.000 0.000
87840 0.000 0.000 0.000 0.000
84870 0.000 0.000 0.000 0.000
102973 0.000 0.000 0.000 0.000
12127 0.000 0.000 0.000 0.000
119582 0.000 0.000 0.000 0.000
76567 0.000 0.000 0.000 0.000
14181 0.000 0.000 0.000 0.000
78340 0.000 0.000 0.000 0.000
109231 0.000 0.000 0.000 0.000
7130 0.000 0.000 0.000 0.000
119583 0.000 0.000 0.000 0.000
109086 0.000 0.000 0.000 0.000
12143 0.000 0.000 0.000 0.000
70152 0.000 0.000 0.000 0.000
90566 0.000 0.000 0.000 0.000
102978 0.000 0.000 0.000 0.000
14474 0.000 0.000 0.000 0.000
109087 0.000 0.000 0.000 0.000
14182 0.000 0.000 0.000 0.000
71436 0.000 0.000 0.000 0.000
103679 0.000 0.000 0.000 0.000
16320 0.000 0.000 0.000 0.000
102923 0.000 0.000 0.000 0.000
75205 0.000 0.000 0.000 0.000
13173 0.000 0.000 0.000 0.000
87882 0.000 0.000 0.000 0.000
99603 0.000 0.000 0.000 0.000
119585 0.000 0.000 0.000 0.000
102968 0.000 0.000 0.000 0.000
102981 0.000 0.000 0.000 0.000
119584 0.000 0.000 0.000 0.000
15185 0.000 0.000 0.000 0.000
102976 0.000 0.000 0.000 0.000
74721 0.000 0.000 0.000 0.000
84844 0.000 0.000 0.000 0.000
106133 0.000 0.000 0.000 0.000
