#!ascii label  , from subject  vox2ras=TkReg
193
115860 0.000 0.000 0.000 0.000
115858 0.000 0.000 0.000 0.000
19965 0.000 0.000 0.000 0.000
123278 0.000 0.000 0.000 0.000
115853 0.000 0.000 0.000 0.000
123315 0.000 0.000 0.000 0.000
17572 0.000 0.000 0.000 0.000
123314 0.000 0.000 0.000 0.000
109172 0.000 0.000 0.000 0.000
123329 0.000 0.000 0.000 0.000
123313 0.000 0.000 0.000 0.000
126716 0.000 0.000 0.000 0.000
14152 0.000 0.000 0.000 0.000
109171 0.000 0.000 0.000 0.000
115886 0.000 0.000 0.000 0.000
115850 0.000 0.000 0.000 0.000
119619 0.000 0.000 0.000 0.000
126828 0.000 0.000 0.000 0.000
106120 0.000 0.000 0.000 0.000
109265 0.000 0.000 0.000 0.000
16335 0.000 0.000 0.000 0.000
112348 0.000 0.000 0.000 0.000
109173 0.000 0.000 0.000 0.000
109214 0.000 0.000 0.000 0.000
19943 0.000 0.000 0.000 0.000
115833 0.000 0.000 0.000 0.000
18790 0.000 0.000 0.000 0.000
115887 0.000 0.000 0.000 0.000
119582 0.000 0.000 0.000 0.000
119642 0.000 0.000 0.000 0.000
119645 0.000 0.000 0.000 0.000
17558 0.000 0.000 0.000 0.000
109264 0.000 0.000 0.000 0.000
17578 0.000 0.000 0.000 0.000
109166 0.000 0.000 0.000 0.000
119620 0.000 0.000 0.000 0.000
123214 0.000 0.000 0.000 0.000
109174 0.000 0.000 0.000 0.000
109169 0.000 0.000 0.000 0.000
19934 0.000 0.000 0.000 0.000
14193 0.000 0.000 0.000 0.000
123249 0.000 0.000 0.000 0.000
17584 0.000 0.000 0.000 0.000
126714 0.000 0.000 0.000 0.000
115849 0.000 0.000 0.000 0.000
17577 0.000 0.000 0.000 0.000
126746 0.000 0.000 0.000 0.000
126818 0.000 0.000 0.000 0.000
119632 0.000 0.000 0.000 0.000
109253 0.000 0.000 0.000 0.000
109213 0.000 0.000 0.000 0.000
18796 0.000 0.000 0.000 0.000
119634 0.000 0.000 0.000 0.000
119643 0.000 0.000 0.000 0.000
123276 0.000 0.000 0.000 0.000
106179 0.000 0.000 0.000 0.000
109168 0.000 0.000 0.000 0.000
14192 0.000 0.000 0.000 0.000
119644 0.000 0.000 0.000 0.000
112385 0.000 0.000 0.000 0.000
102976 0.000 0.000 0.000 0.000
19961 0.000 0.000 0.000 0.000
126748 0.000 0.000 0.000 0.000
103031 0.000 0.000 0.000 0.000
123215 0.000 0.000 0.000 0.000
115852 0.000 0.000 0.000 0.000
15228 0.000 0.000 0.000 0.000
109256 0.000 0.000 0.000 0.000
106162 0.000 0.000 0.000 0.000
119580 0.000 0.000 0.000 0.000
14153 0.000 0.000 0.000 0.000
17571 0.000 0.000 0.000 0.000
103027 0.000 0.000 0.000 0.000
109175 0.000 0.000 0.000 0.000
126830 0.000 0.000 0.000 0.000
13172 0.000 0.000 0.000 0.000
109167 0.000 0.000 0.000 0.000
123328 0.000 0.000 0.000 0.000
106181 0.000 0.000 0.000 0.000
112370 0.000 0.000 0.000 0.000
103030 0.000 0.000 0.000 0.000
112384 0.000 0.000 0.000 0.000
15224 0.000 0.000 0.000 0.000
18763 0.000 0.000 0.000 0.000
14190 0.000 0.000 0.000 0.000
126715 0.000 0.000 0.000 0.000
109252 0.000 0.000 0.000 0.000
119563 0.000 0.000 0.000 0.000
109165 0.000 0.000 0.000 0.000
102978 0.000 0.000 0.000 0.000
115832 0.000 0.000 0.000 0.000
16346 0.000 0.000 0.000 0.000
106160 0.000 0.000 0.000 0.000
123188 0.000 0.000 0.000 0.000
109176 0.000 0.000 0.000 0.000
115888 0.000 0.000 0.000 0.000
103025 0.000 0.000 0.000 0.000
106170 0.000 0.000 0.000 0.000
119562 0.000 0.000 0.000 0.000
126816 0.000 0.000 0.000 0.000
15195 0.000 0.000 0.000 0.000
115913 0.000 0.000 0.000 0.000
14151 0.000 0.000 0.000 0.000
21079 0.000 0.000 0.000 0.000
119646 0.000 0.000 0.000 0.000
109251 0.000 0.000 0.000 0.000
123248 0.000 0.000 0.000 0.000
109220 0.000 0.000 0.000 0.000
21156 0.000 0.000 0.000 0.000
102968 0.000 0.000 0.000 0.000
106095 0.000 0.000 0.000 0.000
112362 0.000 0.000 0.000 0.000
112361 0.000 0.000 0.000 0.000
119635 0.000 0.000 0.000 0.000
119631 0.000 0.000 0.000 0.000
12124 0.000 0.000 0.000 0.000
102972 0.000 0.000 0.000 0.000
15223 0.000 0.000 0.000 0.000
106029 0.000 0.000 0.000 0.000
109216 0.000 0.000 0.000 0.000
12106 0.000 0.000 0.000 0.000
119568 0.000 0.000 0.000 0.000
109201 0.000 0.000 0.000 0.000
102858 0.000 0.000 0.000 0.000
119630 0.000 0.000 0.000 0.000
112380 0.000 0.000 0.000 0.000
106155 0.000 0.000 0.000 0.000
106022 0.000 0.000 0.000 0.000
112464 0.000 0.000 0.000 0.000
112356 0.000 0.000 0.000 0.000
14173 0.000 0.000 0.000 0.000
119633 0.000 0.000 0.000 0.000
109205 0.000 0.000 0.000 0.000
15199 0.000 0.000 0.000 0.000
123213 0.000 0.000 0.000 0.000
126829 0.000 0.000 0.000 0.000
13173 0.000 0.000 0.000 0.000
106100 0.000 0.000 0.000 0.000
112377 0.000 0.000 0.000 0.000
119581 0.000 0.000 0.000 0.000
15196 0.000 0.000 0.000 0.000
112363 0.000 0.000 0.000 0.000
12125 0.000 0.000 0.000 0.000
14134 0.000 0.000 0.000 0.000
115851 0.000 0.000 0.000 0.000
15252 0.000 0.000 0.000 0.000
106173 0.000 0.000 0.000 0.000
112359 0.000 0.000 0.000 0.000
112354 0.000 0.000 0.000 0.000
119621 0.000 0.000 0.000 0.000
106182 0.000 0.000 0.000 0.000
106177 0.000 0.000 0.000 0.000
109229 0.000 0.000 0.000 0.000
16334 0.000 0.000 0.000 0.000
112344 0.000 0.000 0.000 0.000
14180 0.000 0.000 0.000 0.000
112465 0.000 0.000 0.000 0.000
14179 0.000 0.000 0.000 0.000
126657 0.000 0.000 0.000 0.000
106176 0.000 0.000 0.000 0.000
112379 0.000 0.000 0.000 0.000
19985 0.000 0.000 0.000 0.000
126921 0.000 0.000 0.000 0.000
112347 0.000 0.000 0.000 0.000
126747 0.000 0.000 0.000 0.000
106116 0.000 0.000 0.000 0.000
102854 0.000 0.000 0.000 0.000
115831 0.000 0.000 0.000 0.000
106113 0.000 0.000 0.000 0.000
109159 0.000 0.000 0.000 0.000
106118 0.000 0.000 0.000 0.000
109182 0.000 0.000 0.000 0.000
106026 0.000 0.000 0.000 0.000
119660 0.000 0.000 0.000 0.000
106023 0.000 0.000 0.000 0.000
102977 0.000 0.000 0.000 0.000
13108 0.000 0.000 0.000 0.000
115866 0.000 0.000 0.000 0.000
102920 0.000 0.000 0.000 0.000
109262 0.000 0.000 0.000 0.000
109261 0.000 0.000 0.000 0.000
16365 0.000 0.000 0.000 0.000
19952 0.000 0.000 0.000 0.000
16350 0.000 0.000 0.000 0.000
106115 0.000 0.000 0.000 0.000
123187 0.000 0.000 0.000 0.000
109177 0.000 0.000 0.000 0.000
106152 0.000 0.000 0.000 0.000
13107 0.000 0.000 0.000 0.000
13109 0.000 0.000 0.000 0.000
119604 0.000 0.000 0.000 0.000
126777 0.000 0.000 0.000 0.000
112388 0.000 0.000 0.000 0.000
