#!ascii label  , from subject  vox2ras=TkReg
191
8011 0.000 0.000 0.000 0.000
87838 0.000 0.000 0.000 0.000
87839 0.000 0.000 0.000 0.000
87837 0.000 0.000 0.000 0.000
87836 0.000 0.000 0.000 0.000
8038 0.000 0.000 0.000 0.000
90565 0.000 0.000 0.000 0.000
7106 0.000 0.000 0.000 0.000
87834 0.000 0.000 0.000 0.000
87833 0.000 0.000 0.000 0.000
87835 0.000 0.000 0.000 0.000
84840 0.000 0.000 0.000 0.000
87881 0.000 0.000 0.000 0.000
90567 0.000 0.000 0.000 0.000
7105 0.000 0.000 0.000 0.000
87880 0.000 0.000 0.000 0.000
84846 0.000 0.000 0.000 0.000
94004 0.000 0.000 0.000 0.000
84837 0.000 0.000 0.000 0.000
84842 0.000 0.000 0.000 0.000
109228 0.000 0.000 0.000 0.000
7118 0.000 0.000 0.000 0.000
84839 0.000 0.000 0.000 0.000
97029 0.000 0.000 0.000 0.000
84838 0.000 0.000 0.000 0.000
4060 0.000 0.000 0.000 0.000
76528 0.000 0.000 0.000 0.000
109222 0.000 0.000 0.000 0.000
90661 0.000 0.000 0.000 0.000
8012 0.000 0.000 0.000 0.000
10149 0.000 0.000 0.000 0.000
100380 0.000 0.000 0.000 0.000
84841 0.000 0.000 0.000 0.000
90566 0.000 0.000 0.000 0.000
84870 0.000 0.000 0.000 0.000
14181 0.000 0.000 0.000 0.000
76524 0.000 0.000 0.000 0.000
14182 0.000 0.000 0.000 0.000
106127 0.000 0.000 0.000 0.000
12340 0.000 0.000 0.000 0.000
106128 0.000 0.000 0.000 0.000
84843 0.000 0.000 0.000 0.000
106126 0.000 0.000 0.000 0.000
90663 0.000 0.000 0.000 0.000
84844 0.000 0.000 0.000 0.000
106117 0.000 0.000 0.000 0.000
11250 0.000 0.000 0.000 0.000
71436 0.000 0.000 0.000 0.000
78339 0.000 0.000 0.000 0.000
4073 0.000 0.000 0.000 0.000
87840 0.000 0.000 0.000 0.000
70152 0.000 0.000 0.000 0.000
97067 0.000 0.000 0.000 0.000
97030 0.000 0.000 0.000 0.000
12127 0.000 0.000 0.000 0.000
71440 0.000 0.000 0.000 0.000
97031 0.000 0.000 0.000 0.000
2301 0.000 0.000 0.000 0.000
76568 0.000 0.000 0.000 0.000
76523 0.000 0.000 0.000 0.000
13138 0.000 0.000 0.000 0.000
76529 0.000 0.000 0.000 0.000
3475 0.000 0.000 0.000 0.000
71437 0.000 0.000 0.000 0.000
99719 0.000 0.000 0.000 0.000
12091 0.000 0.000 0.000 0.000
106130 0.000 0.000 0.000 0.000
72843 0.000 0.000 0.000 0.000
103028 0.000 0.000 0.000 0.000
12143 0.000 0.000 0.000 0.000
103029 0.000 0.000 0.000 0.000
102925 0.000 0.000 0.000 0.000
87882 0.000 0.000 0.000 0.000
8039 0.000 0.000 0.000 0.000
99424 0.000 0.000 0.000 0.000
103679 0.000 0.000 0.000 0.000
93954 0.000 0.000 0.000 0.000
14474 0.000 0.000 0.000 0.000
78341 0.000 0.000 0.000 0.000
99722 0.000 0.000 0.000 0.000
84899 0.000 0.000 0.000 0.000
1850 0.000 0.000 0.000 0.000
71439 0.000 0.000 0.000 0.000
87920 0.000 0.000 0.000 0.000
102970 0.000 0.000 0.000 0.000
4686 0.000 0.000 0.000 0.000
74719 0.000 0.000 0.000 0.000
87842 0.000 0.000 0.000 0.000
99729 0.000 0.000 0.000 0.000
78338 0.000 0.000 0.000 0.000
106124 0.000 0.000 0.000 0.000
99720 0.000 0.000 0.000 0.000
6164 0.000 0.000 0.000 0.000
6165 0.000 0.000 0.000 0.000
7107 0.000 0.000 0.000 0.000
84835 0.000 0.000 0.000 0.000
76527 0.000 0.000 0.000 0.000
12128 0.000 0.000 0.000 0.000
7130 0.000 0.000 0.000 0.000
10163 0.000 0.000 0.000 0.000
2315 0.000 0.000 0.000 0.000
84876 0.000 0.000 0.000 0.000
8065 0.000 0.000 0.000 0.000
72840 0.000 0.000 0.000 0.000
76526 0.000 0.000 0.000 0.000
103023 0.000 0.000 0.000 0.000
106123 0.000 0.000 0.000 0.000
1849 0.000 0.000 0.000 0.000
106182 0.000 0.000 0.000 0.000
102924 0.000 0.000 0.000 0.000
106129 0.000 0.000 0.000 0.000
13173 0.000 0.000 0.000 0.000
87841 0.000 0.000 0.000 0.000
102921 0.000 0.000 0.000 0.000
100319 0.000 0.000 0.000 0.000
97069 0.000 0.000 0.000 0.000
102926 0.000 0.000 0.000 0.000
107026 0.000 0.000 0.000 0.000
99795 0.000 0.000 0.000 0.000
7129 0.000 0.000 0.000 0.000
102977 0.000 0.000 0.000 0.000
102933 0.000 0.000 0.000 0.000
76525 0.000 0.000 0.000 0.000
99673 0.000 0.000 0.000 0.000
107001 0.000 0.000 0.000 0.000
13137 0.000 0.000 0.000 0.000
103027 0.000 0.000 0.000 0.000
87919 0.000 0.000 0.000 0.000
13443 0.000 0.000 0.000 0.000
84892 0.000 0.000 0.000 0.000
70131 0.000 0.000 0.000 0.000
90568 0.000 0.000 0.000 0.000
102967 0.000 0.000 0.000 0.000
99605 0.000 0.000 0.000 0.000
103879 0.000 0.000 0.000 0.000
99609 0.000 0.000 0.000 0.000
102975 0.000 0.000 0.000 0.000
84871 0.000 0.000 0.000 0.000
102973 0.000 0.000 0.000 0.000
103031 0.000 0.000 0.000 0.000
99728 0.000 0.000 0.000 0.000
103032 0.000 0.000 0.000 0.000
99602 0.000 0.000 0.000 0.000
102972 0.000 0.000 0.000 0.000
99600 0.000 0.000 0.000 0.000
13159 0.000 0.000 0.000 0.000
82383 0.000 0.000 0.000 0.000
102939 0.000 0.000 0.000 0.000
99604 0.000 0.000 0.000 0.000
80295 0.000 0.000 0.000 0.000
99721 0.000 0.000 0.000 0.000
12107 0.000 0.000 0.000 0.000
106122 0.000 0.000 0.000 0.000
87843 0.000 0.000 0.000 0.000
71438 0.000 0.000 0.000 0.000
11050 0.000 0.000 0.000 0.000
99802 0.000 0.000 0.000 0.000
102969 0.000 0.000 0.000 0.000
8064 0.000 0.000 0.000 0.000
93955 0.000 0.000 0.000 0.000
99606 0.000 0.000 0.000 0.000
102923 0.000 0.000 0.000 0.000
84901 0.000 0.000 0.000 0.000
12106 0.000 0.000 0.000 0.000
99796 0.000 0.000 0.000 0.000
103678 0.000 0.000 0.000 0.000
96039 0.000 0.000 0.000 0.000
97064 0.000 0.000 0.000 0.000
84836 0.000 0.000 0.000 0.000
99800 0.000 0.000 0.000 0.000
99671 0.000 0.000 0.000 0.000
72889 0.000 0.000 0.000 0.000
76674 0.000 0.000 0.000 0.000
71391 0.000 0.000 0.000 0.000
11220 0.000 0.000 0.000 0.000
84896 0.000 0.000 0.000 0.000
106889 0.000 0.000 0.000 0.000
84900 0.000 0.000 0.000 0.000
4685 0.000 0.000 0.000 0.000
102981 0.000 0.000 0.000 0.000
84875 0.000 0.000 0.000 0.000
6185 0.000 0.000 0.000 0.000
76649 0.000 0.000 0.000 0.000
13397 0.000 0.000 0.000 0.000
99717 0.000 0.000 0.000 0.000
12144 0.000 0.000 0.000 0.000
80412 0.000 0.000 0.000 0.000
8013 0.000 0.000 0.000 0.000
94002 0.000 0.000 0.000 0.000
82384 0.000 0.000 0.000 0.000
99672 0.000 0.000 0.000 0.000
