#!ascii label  , from subject  vox2ras=TkReg
179
90567 0.000 0.000 0.000 0.000
8039 0.000 0.000 0.000 0.000
87836 0.000 0.000 0.000 0.000
87840 0.000 0.000 0.000 0.000
87846 0.000 0.000 0.000 0.000
87841 0.000 0.000 0.000 0.000
8013 0.000 0.000 0.000 0.000
87835 0.000 0.000 0.000 0.000
8012 0.000 0.000 0.000 0.000
87842 0.000 0.000 0.000 0.000
87843 0.000 0.000 0.000 0.000
7119 0.000 0.000 0.000 0.000
90661 0.000 0.000 0.000 0.000
90565 0.000 0.000 0.000 0.000
90662 0.000 0.000 0.000 0.000
7107 0.000 0.000 0.000 0.000
90668 0.000 0.000 0.000 0.000
8011 0.000 0.000 0.000 0.000
87848 0.000 0.000 0.000 0.000
87834 0.000 0.000 0.000 0.000
8038 0.000 0.000 0.000 0.000
90669 0.000 0.000 0.000 0.000
90566 0.000 0.000 0.000 0.000
76575 0.000 0.000 0.000 0.000
93906 0.000 0.000 0.000 0.000
96472 0.000 0.000 0.000 0.000
90568 0.000 0.000 0.000 0.000
90569 0.000 0.000 0.000 0.000
11053 0.000 0.000 0.000 0.000
76616 0.000 0.000 0.000 0.000
84850 0.000 0.000 0.000 0.000
99665 0.000 0.000 0.000 0.000
80374 0.000 0.000 0.000 0.000
90750 0.000 0.000 0.000 0.000
99668 0.000 0.000 0.000 0.000
80373 0.000 0.000 0.000 0.000
87847 0.000 0.000 0.000 0.000
84845 0.000 0.000 0.000 0.000
87838 0.000 0.000 0.000 0.000
9084 0.000 0.000 0.000 0.000
84851 0.000 0.000 0.000 0.000
84849 0.000 0.000 0.000 0.000
90753 0.000 0.000 0.000 0.000
11054 0.000 0.000 0.000 0.000
84846 0.000 0.000 0.000 0.000
99674 0.000 0.000 0.000 0.000
76614 0.000 0.000 0.000 0.000
90664 0.000 0.000 0.000 0.000
93907 0.000 0.000 0.000 0.000
87844 0.000 0.000 0.000 0.000
80371 0.000 0.000 0.000 0.000
11027 0.000 0.000 0.000 0.000
12128 0.000 0.000 0.000 0.000
4075 0.000 0.000 0.000 0.000
6177 0.000 0.000 0.000 0.000
8851 0.000 0.000 0.000 0.000
12126 0.000 0.000 0.000 0.000
99676 0.000 0.000 0.000 0.000
76577 0.000 0.000 0.000 0.000
76576 0.000 0.000 0.000 0.000
96467 0.000 0.000 0.000 0.000
82417 0.000 0.000 0.000 0.000
80375 0.000 0.000 0.000 0.000
99669 0.000 0.000 0.000 0.000
5392 0.000 0.000 0.000 0.000
96361 0.000 0.000 0.000 0.000
93950 0.000 0.000 0.000 0.000
99727 0.000 0.000 0.000 0.000
96471 0.000 0.000 0.000 0.000
4092 0.000 0.000 0.000 0.000
93146 0.000 0.000 0.000 0.000
87880 0.000 0.000 0.000 0.000
3501 0.000 0.000 0.000 0.000
74608 0.000 0.000 0.000 0.000
8852 0.000 0.000 0.000 0.000
93182 0.000 0.000 0.000 0.000
93155 0.000 0.000 0.000 0.000
11005 0.000 0.000 0.000 0.000
2868 0.000 0.000 0.000 0.000
4118 0.000 0.000 0.000 0.000
90674 0.000 0.000 0.000 0.000
74611 0.000 0.000 0.000 0.000
93951 0.000 0.000 0.000 0.000
84853 0.000 0.000 0.000 0.000
99728 0.000 0.000 0.000 0.000
99664 0.000 0.000 0.000 0.000
72842 0.000 0.000 0.000 0.000
82390 0.000 0.000 0.000 0.000
9060 0.000 0.000 0.000 0.000
72782 0.000 0.000 0.000 0.000
93395 0.000 0.000 0.000 0.000
9104 0.000 0.000 0.000 0.000
9059 0.000 0.000 0.000 0.000
74610 0.000 0.000 0.000 0.000
93176 0.000 0.000 0.000 0.000
87881 0.000 0.000 0.000 0.000
87833 0.000 0.000 0.000 0.000
103029 0.000 0.000 0.000 0.000
103032 0.000 0.000 0.000 0.000
76611 0.000 0.000 0.000 0.000
96364 0.000 0.000 0.000 0.000
74639 0.000 0.000 0.000 0.000
82391 0.000 0.000 0.000 0.000
93160 0.000 0.000 0.000 0.000
4725 0.000 0.000 0.000 0.000
9083 0.000 0.000 0.000 0.000
12110 0.000 0.000 0.000 0.000
87845 0.000 0.000 0.000 0.000
93151 0.000 0.000 0.000 0.000
76572 0.000 0.000 0.000 0.000
74640 0.000 0.000 0.000 0.000
93153 0.000 0.000 0.000 0.000
99666 0.000 0.000 0.000 0.000
82419 0.000 0.000 0.000 0.000
82388 0.000 0.000 0.000 0.000
96363 0.000 0.000 0.000 0.000
99724 0.000 0.000 0.000 0.000
78461 0.000 0.000 0.000 0.000
7106 0.000 0.000 0.000 0.000
84847 0.000 0.000 0.000 0.000
11007 0.000 0.000 0.000 0.000
96118 0.000 0.000 0.000 0.000
76498 0.000 0.000 0.000 0.000
93161 0.000 0.000 0.000 0.000
78419 0.000 0.000 0.000 0.000
76615 0.000 0.000 0.000 0.000
96466 0.000 0.000 0.000 0.000
74645 0.000 0.000 0.000 0.000
90676 0.000 0.000 0.000 0.000
96358 0.000 0.000 0.000 0.000
102970 0.000 0.000 0.000 0.000
4715 0.000 0.000 0.000 0.000
76537 0.000 0.000 0.000 0.000
3476 0.000 0.000 0.000 0.000
74646 0.000 0.000 0.000 0.000
10134 0.000 0.000 0.000 0.000
74606 0.000 0.000 0.000 0.000
72685 0.000 0.000 0.000 0.000
93181 0.000 0.000 0.000 0.000
74607 0.000 0.000 0.000 0.000
76538 0.000 0.000 0.000 0.000
96362 0.000 0.000 0.000 0.000
93905 0.000 0.000 0.000 0.000
99605 0.000 0.000 0.000 0.000
99670 0.000 0.000 0.000 0.000
84844 0.000 0.000 0.000 0.000
87837 0.000 0.000 0.000 0.000
80398 0.000 0.000 0.000 0.000
82389 0.000 0.000 0.000 0.000
99718 0.000 0.000 0.000 0.000
84852 0.000 0.000 0.000 0.000
93175 0.000 0.000 0.000 0.000
93394 0.000 0.000 0.000 0.000
99672 0.000 0.000 0.000 0.000
9835 0.000 0.000 0.000 0.000
99606 0.000 0.000 0.000 0.000
99677 0.000 0.000 0.000 0.000
9103 0.000 0.000 0.000 0.000
2856 0.000 0.000 0.000 0.000
93152 0.000 0.000 0.000 0.000
102971 0.000 0.000 0.000 0.000
96285 0.000 0.000 0.000 0.000
99726 0.000 0.000 0.000 0.000
87377 0.000 0.000 0.000 0.000
90675 0.000 0.000 0.000 0.000
93952 0.000 0.000 0.000 0.000
4062 0.000 0.000 0.000 0.000
87369 0.000 0.000 0.000 0.000
102967 0.000 0.000 0.000 0.000
76495 0.000 0.000 0.000 0.000
12107 0.000 0.000 0.000 0.000
78312 0.000 0.000 0.000 0.000
102969 0.000 0.000 0.000 0.000
82442 0.000 0.000 0.000 0.000
78313 0.000 0.000 0.000 0.000
99729 0.000 0.000 0.000 0.000
7108 0.000 0.000 0.000 0.000
96038 0.000 0.000 0.000 0.000
82418 0.000 0.000 0.000 0.000
