#!ascii label  , from subject  vox2ras=TkReg
200
103025 0.000 0.000 0.000 0.000
12124 0.000 0.000 0.000 0.000
103030 0.000 0.000 0.000 0.000
103027 0.000 0.000 0.000 0.000
102978 0.000 0.000 0.000 0.000
7874 0.000 0.000 0.000 0.000
13172 0.000 0.000 0.000 0.000
12125 0.000 0.000 0.000 0.000
96456 0.000 0.000 0.000 0.000
84511 0.000 0.000 0.000 0.000
90160 0.000 0.000 0.000 0.000
14173 0.000 0.000 0.000 0.000
109182 0.000 0.000 0.000 0.000
103023 0.000 0.000 0.000 0.000
106100 0.000 0.000 0.000 0.000
102968 0.000 0.000 0.000 0.000
103024 0.000 0.000 0.000 0.000
11048 0.000 0.000 0.000 0.000
109173 0.000 0.000 0.000 0.000
96460 0.000 0.000 0.000 0.000
6051 0.000 0.000 0.000 0.000
103028 0.000 0.000 0.000 0.000
93175 0.000 0.000 0.000 0.000
87369 0.000 0.000 0.000 0.000
93177 0.000 0.000 0.000 0.000
102976 0.000 0.000 0.000 0.000
10928 0.000 0.000 0.000 0.000
103031 0.000 0.000 0.000 0.000
14174 0.000 0.000 0.000 0.000
109177 0.000 0.000 0.000 0.000
87377 0.000 0.000 0.000 0.000
15225 0.000 0.000 0.000 0.000
103022 0.000 0.000 0.000 0.000
90165 0.000 0.000 0.000 0.000
103026 0.000 0.000 0.000 0.000
9950 0.000 0.000 0.000 0.000
109179 0.000 0.000 0.000 0.000
103021 0.000 0.000 0.000 0.000
109180 0.000 0.000 0.000 0.000
14153 0.000 0.000 0.000 0.000
109181 0.000 0.000 0.000 0.000
87379 0.000 0.000 0.000 0.000
109178 0.000 0.000 0.000 0.000
14154 0.000 0.000 0.000 0.000
109184 0.000 0.000 0.000 0.000
99424 0.000 0.000 0.000 0.000
9976 0.000 0.000 0.000 0.000
96039 0.000 0.000 0.000 0.000
109183 0.000 0.000 0.000 0.000
96118 0.000 0.000 0.000 0.000
11077 0.000 0.000 0.000 0.000
106099 0.000 0.000 0.000 0.000
109185 0.000 0.000 0.000 0.000
13173 0.000 0.000 0.000 0.000
82046 0.000 0.000 0.000 0.000
96034 0.000 0.000 0.000 0.000
6960 0.000 0.000 0.000 0.000
90167 0.000 0.000 0.000 0.000
99786 0.000 0.000 0.000 0.000
102969 0.000 0.000 0.000 0.000
96457 0.000 0.000 0.000 0.000
99785 0.000 0.000 0.000 0.000
96453 0.000 0.000 0.000 0.000
109171 0.000 0.000 0.000 0.000
87368 0.000 0.000 0.000 0.000
82051 0.000 0.000 0.000 0.000
15248 0.000 0.000 0.000 0.000
10943 0.000 0.000 0.000 0.000
106093 0.000 0.000 0.000 0.000
106098 0.000 0.000 0.000 0.000
84512 0.000 0.000 0.000 0.000
93181 0.000 0.000 0.000 0.000
12106 0.000 0.000 0.000 0.000
103019 0.000 0.000 0.000 0.000
103017 0.000 0.000 0.000 0.000
87371 0.000 0.000 0.000 0.000
96458 0.000 0.000 0.000 0.000
82024 0.000 0.000 0.000 0.000
87378 0.000 0.000 0.000 0.000
82049 0.000 0.000 0.000 0.000
93155 0.000 0.000 0.000 0.000
87313 0.000 0.000 0.000 0.000
96038 0.000 0.000 0.000 0.000
14189 0.000 0.000 0.000 0.000
93149 0.000 0.000 0.000 0.000
106104 0.000 0.000 0.000 0.000
82048 0.000 0.000 0.000 0.000
87311 0.000 0.000 0.000 0.000
87312 0.000 0.000 0.000 0.000
99790 0.000 0.000 0.000 0.000
102977 0.000 0.000 0.000 0.000
99796 0.000 0.000 0.000 0.000
106162 0.000 0.000 0.000 0.000
93153 0.000 0.000 0.000 0.000
13159 0.000 0.000 0.000 0.000
93152 0.000 0.000 0.000 0.000
93143 0.000 0.000 0.000 0.000
106094 0.000 0.000 0.000 0.000
93183 0.000 0.000 0.000 0.000
109248 0.000 0.000 0.000 0.000
93147 0.000 0.000 0.000 0.000
13171 0.000 0.000 0.000 0.000
8841 0.000 0.000 0.000 0.000
106156 0.000 0.000 0.000 0.000
102972 0.000 0.000 0.000 0.000
96037 0.000 0.000 0.000 0.000
99782 0.000 0.000 0.000 0.000
93101 0.000 0.000 0.000 0.000
99784 0.000 0.000 0.000 0.000
93090 0.000 0.000 0.000 0.000
7876 0.000 0.000 0.000 0.000
93146 0.000 0.000 0.000 0.000
7896 0.000 0.000 0.000 0.000
82021 0.000 0.000 0.000 0.000
96452 0.000 0.000 0.000 0.000
93108 0.000 0.000 0.000 0.000
109252 0.000 0.000 0.000 0.000
93144 0.000 0.000 0.000 0.000
99788 0.000 0.000 0.000 0.000
8843 0.000 0.000 0.000 0.000
8850 0.000 0.000 0.000 0.000
96448 0.000 0.000 0.000 0.000
109250 0.000 0.000 0.000 0.000
106181 0.000 0.000 0.000 0.000
93150 0.000 0.000 0.000 0.000
96455 0.000 0.000 0.000 0.000
93516 0.000 0.000 0.000 0.000
93397 0.000 0.000 0.000 0.000
102973 0.000 0.000 0.000 0.000
12123 0.000 0.000 0.000 0.000
93176 0.000 0.000 0.000 0.000
8852 0.000 0.000 0.000 0.000
102966 0.000 0.000 0.000 0.000
7861 0.000 0.000 0.000 0.000
93151 0.000 0.000 0.000 0.000
106123 0.000 0.000 0.000 0.000
102967 0.000 0.000 0.000 0.000
93089 0.000 0.000 0.000 0.000
90159 0.000 0.000 0.000 0.000
8842 0.000 0.000 0.000 0.000
93226 0.000 0.000 0.000 0.000
93095 0.000 0.000 0.000 0.000
7875 0.000 0.000 0.000 0.000
74855 0.000 0.000 0.000 0.000
96454 0.000 0.000 0.000 0.000
93182 0.000 0.000 0.000 0.000
12142 0.000 0.000 0.000 0.000
12141 0.000 0.000 0.000 0.000
76619 0.000 0.000 0.000 0.000
9835 0.000 0.000 0.000 0.000
3514 0.000 0.000 0.000 0.000
8944 0.000 0.000 0.000 0.000
106155 0.000 0.000 0.000 0.000
13135 0.000 0.000 0.000 0.000
99783 0.000 0.000 0.000 0.000
76651 0.000 0.000 0.000 0.000
109249 0.000 0.000 0.000 0.000
112462 0.000 0.000 0.000 0.000
93224 0.000 0.000 0.000 0.000
93154 0.000 0.000 0.000 0.000
93396 0.000 0.000 0.000 0.000
11049 0.000 0.000 0.000 0.000
5270 0.000 0.000 0.000 0.000
87461 0.000 0.000 0.000 0.000
102964 0.000 0.000 0.000 0.000
93086 0.000 0.000 0.000 0.000
90114 0.000 0.000 0.000 0.000
8861 0.000 0.000 0.000 0.000
106102 0.000 0.000 0.000 0.000
102970 0.000 0.000 0.000 0.000
13150 0.000 0.000 0.000 0.000
99675 0.000 0.000 0.000 0.000
90161 0.000 0.000 0.000 0.000
102984 0.000 0.000 0.000 0.000
103016 0.000 0.000 0.000 0.000
109251 0.000 0.000 0.000 0.000
106095 0.000 0.000 0.000 0.000
82052 0.000 0.000 0.000 0.000
102961 0.000 0.000 0.000 0.000
102962 0.000 0.000 0.000 0.000
14188 0.000 0.000 0.000 0.000
8853 0.000 0.000 0.000 0.000
8851 0.000 0.000 0.000 0.000
106180 0.000 0.000 0.000 0.000
106109 0.000 0.000 0.000 0.000
106182 0.000 0.000 0.000 0.000
14190 0.000 0.000 0.000 0.000
87381 0.000 0.000 0.000 0.000
102920 0.000 0.000 0.000 0.000
103029 0.000 0.000 0.000 0.000
106160 0.000 0.000 0.000 0.000
102918 0.000 0.000 0.000 0.000
87382 0.000 0.000 0.000 0.000
106151 0.000 0.000 0.000 0.000
93184 0.000 0.000 0.000 0.000
6959 0.000 0.000 0.000 0.000
12127 0.000 0.000 0.000 0.000
93394 0.000 0.000 0.000 0.000
84513 0.000 0.000 0.000 0.000
93091 0.000 0.000 0.000 0.000
