#!ascii label  , from subject  vox2ras=TkReg
168
90567 0.000 0.000 0.000 0.000
4073 0.000 0.000 0.000 0.000
87836 0.000 0.000 0.000 0.000
78339 0.000 0.000 0.000 0.000
87835 0.000 0.000 0.000 0.000
4060 0.000 0.000 0.000 0.000
76528 0.000 0.000 0.000 0.000
78311 0.000 0.000 0.000 0.000
90565 0.000 0.000 0.000 0.000
76494 0.000 0.000 0.000 0.000
87834 0.000 0.000 0.000 0.000
76526 0.000 0.000 0.000 0.000
78309 0.000 0.000 0.000 0.000
78345 0.000 0.000 0.000 0.000
87840 0.000 0.000 0.000 0.000
4686 0.000 0.000 0.000 0.000
76530 0.000 0.000 0.000 0.000
3476 0.000 0.000 0.000 0.000
8012 0.000 0.000 0.000 0.000
78338 0.000 0.000 0.000 0.000
84846 0.000 0.000 0.000 0.000
8011 0.000 0.000 0.000 0.000
78341 0.000 0.000 0.000 0.000
82417 0.000 0.000 0.000 0.000
87841 0.000 0.000 0.000 0.000
82390 0.000 0.000 0.000 0.000
76496 0.000 0.000 0.000 0.000
7107 0.000 0.000 0.000 0.000
84896 0.000 0.000 0.000 0.000
87842 0.000 0.000 0.000 0.000
76524 0.000 0.000 0.000 0.000
76568 0.000 0.000 0.000 0.000
82419 0.000 0.000 0.000 0.000
84899 0.000 0.000 0.000 0.000
84838 0.000 0.000 0.000 0.000
74648 0.000 0.000 0.000 0.000
112680 0.000 0.000 0.000 0.000
87884 0.000 0.000 0.000 0.000
78310 0.000 0.000 0.000 0.000
6177 0.000 0.000 0.000 0.000
76525 0.000 0.000 0.000 0.000
7106 0.000 0.000 0.000 0.000
84877 0.000 0.000 0.000 0.000
4061 0.000 0.000 0.000 0.000
80295 0.000 0.000 0.000 0.000
6192 0.000 0.000 0.000 0.000
8013 0.000 0.000 0.000 0.000
6185 0.000 0.000 0.000 0.000
84845 0.000 0.000 0.000 0.000
4074 0.000 0.000 0.000 0.000
90751 0.000 0.000 0.000 0.000
112672 0.000 0.000 0.000 0.000
90566 0.000 0.000 0.000 0.000
76534 0.000 0.000 0.000 0.000
84844 0.000 0.000 0.000 0.000
96118 0.000 0.000 0.000 0.000
3477 0.000 0.000 0.000 0.000
8039 0.000 0.000 0.000 0.000
84876 0.000 0.000 0.000 0.000
84854 0.000 0.000 0.000 0.000
76495 0.000 0.000 0.000 0.000
74685 0.000 0.000 0.000 0.000
8041 0.000 0.000 0.000 0.000
87843 0.000 0.000 0.000 0.000
76531 0.000 0.000 0.000 0.000
90661 0.000 0.000 0.000 0.000
112681 0.000 0.000 0.000 0.000
2880 0.000 0.000 0.000 0.000
84897 0.000 0.000 0.000 0.000
15304 0.000 0.000 0.000 0.000
78347 0.000 0.000 0.000 0.000
5392 0.000 0.000 0.000 0.000
93092 0.000 0.000 0.000 0.000
15326 0.000 0.000 0.000 0.000
112677 0.000 0.000 0.000 0.000
87839 0.000 0.000 0.000 0.000
6186 0.000 0.000 0.000 0.000
87880 0.000 0.000 0.000 0.000
87888 0.000 0.000 0.000 0.000
84874 0.000 0.000 0.000 0.000
112682 0.000 0.000 0.000 0.000
82418 0.000 0.000 0.000 0.000
7118 0.000 0.000 0.000 0.000
78313 0.000 0.000 0.000 0.000
84849 0.000 0.000 0.000 0.000
76576 0.000 0.000 0.000 0.000
74681 0.000 0.000 0.000 0.000
76498 0.000 0.000 0.000 0.000
74677 0.000 0.000 0.000 0.000
87846 0.000 0.000 0.000 0.000
82389 0.000 0.000 0.000 0.000
12109 0.000 0.000 0.000 0.000
112674 0.000 0.000 0.000 0.000
76575 0.000 0.000 0.000 0.000
84873 0.000 0.000 0.000 0.000
90749 0.000 0.000 0.000 0.000
74687 0.000 0.000 0.000 0.000
84875 0.000 0.000 0.000 0.000
3501 0.000 0.000 0.000 0.000
102980 0.000 0.000 0.000 0.000
4685 0.000 0.000 0.000 0.000
80398 0.000 0.000 0.000 0.000
87837 0.000 0.000 0.000 0.000
16440 0.000 0.000 0.000 0.000
76572 0.000 0.000 0.000 0.000
72849 0.000 0.000 0.000 0.000
74650 0.000 0.000 0.000 0.000
9921 0.000 0.000 0.000 0.000
74689 0.000 0.000 0.000 0.000
84901 0.000 0.000 0.000 0.000
2895 0.000 0.000 0.000 0.000
9835 0.000 0.000 0.000 0.000
74647 0.000 0.000 0.000 0.000
76523 0.000 0.000 0.000 0.000
93091 0.000 0.000 0.000 0.000
8038 0.000 0.000 0.000 0.000
76497 0.000 0.000 0.000 0.000
74682 0.000 0.000 0.000 0.000
78340 0.000 0.000 0.000 0.000
7130 0.000 0.000 0.000 0.000
112734 0.000 0.000 0.000 0.000
84914 0.000 0.000 0.000 0.000
74730 0.000 0.000 0.000 0.000
8830 0.000 0.000 0.000 0.000
93395 0.000 0.000 0.000 0.000
116098 0.000 0.000 0.000 0.000
87838 0.000 0.000 0.000 0.000
96038 0.000 0.000 0.000 0.000
90752 0.000 0.000 0.000 0.000
9084 0.000 0.000 0.000 0.000
78457 0.000 0.000 0.000 0.000
76532 0.000 0.000 0.000 0.000
78312 0.000 0.000 0.000 0.000
87926 0.000 0.000 0.000 0.000
9104 0.000 0.000 0.000 0.000
100378 0.000 0.000 0.000 0.000
87924 0.000 0.000 0.000 0.000
90671 0.000 0.000 0.000 0.000
96277 0.000 0.000 0.000 0.000
93402 0.000 0.000 0.000 0.000
87887 0.000 0.000 0.000 0.000
76535 0.000 0.000 0.000 0.000
3475 0.000 0.000 0.000 0.000
102971 0.000 0.000 0.000 0.000
112679 0.000 0.000 0.000 0.000
74683 0.000 0.000 0.000 0.000
102981 0.000 0.000 0.000 0.000
96281 0.000 0.000 0.000 0.000
84872 0.000 0.000 0.000 0.000
3488 0.000 0.000 0.000 0.000
96280 0.000 0.000 0.000 0.000
8067 0.000 0.000 0.000 0.000
96286 0.000 0.000 0.000 0.000
76614 0.000 0.000 0.000 0.000
112606 0.000 0.000 0.000 0.000
2316 0.000 0.000 0.000 0.000
2317 0.000 0.000 0.000 0.000
72998 0.000 0.000 0.000 0.000
112678 0.000 0.000 0.000 0.000
84847 0.000 0.000 0.000 0.000
90753 0.000 0.000 0.000 0.000
9920 0.000 0.000 0.000 0.000
84852 0.000 0.000 0.000 0.000
78460 0.000 0.000 0.000 0.000
96282 0.000 0.000 0.000 0.000
112732 0.000 0.000 0.000 0.000
10943 0.000 0.000 0.000 0.000
96276 0.000 0.000 0.000 0.000
