#!ascii label  , from subject  vox2ras=TkReg
200
15224 0.000 0.000 0.000 0.000
112354 0.000 0.000 0.000 0.000
82051 0.000 0.000 0.000 0.000
109182 0.000 0.000 0.000 0.000
103025 0.000 0.000 0.000 0.000
103030 0.000 0.000 0.000 0.000
109175 0.000 0.000 0.000 0.000
103027 0.000 0.000 0.000 0.000
102978 0.000 0.000 0.000 0.000
112358 0.000 0.000 0.000 0.000
109176 0.000 0.000 0.000 0.000
112352 0.000 0.000 0.000 0.000
14173 0.000 0.000 0.000 0.000
106094 0.000 0.000 0.000 0.000
119582 0.000 0.000 0.000 0.000
112353 0.000 0.000 0.000 0.000
119619 0.000 0.000 0.000 0.000
109174 0.000 0.000 0.000 0.000
20046 0.000 0.000 0.000 0.000
112356 0.000 0.000 0.000 0.000
106093 0.000 0.000 0.000 0.000
17558 0.000 0.000 0.000 0.000
112355 0.000 0.000 0.000 0.000
115860 0.000 0.000 0.000 0.000
15193 0.000 0.000 0.000 0.000
112350 0.000 0.000 0.000 0.000
16349 0.000 0.000 0.000 0.000
112307 0.000 0.000 0.000 0.000
82052 0.000 0.000 0.000 0.000
109180 0.000 0.000 0.000 0.000
112342 0.000 0.000 0.000 0.000
84513 0.000 0.000 0.000 0.000
119580 0.000 0.000 0.000 0.000
6051 0.000 0.000 0.000 0.000
96456 0.000 0.000 0.000 0.000
14153 0.000 0.000 0.000 0.000
119581 0.000 0.000 0.000 0.000
12124 0.000 0.000 0.000 0.000
15194 0.000 0.000 0.000 0.000
112357 0.000 0.000 0.000 0.000
96460 0.000 0.000 0.000 0.000
84511 0.000 0.000 0.000 0.000
11048 0.000 0.000 0.000 0.000
109171 0.000 0.000 0.000 0.000
15195 0.000 0.000 0.000 0.000
7874 0.000 0.000 0.000 0.000
112317 0.000 0.000 0.000 0.000
112351 0.000 0.000 0.000 0.000
15223 0.000 0.000 0.000 0.000
109178 0.000 0.000 0.000 0.000
109173 0.000 0.000 0.000 0.000
109172 0.000 0.000 0.000 0.000
112348 0.000 0.000 0.000 0.000
12125 0.000 0.000 0.000 0.000
102976 0.000 0.000 0.000 0.000
115852 0.000 0.000 0.000 0.000
119620 0.000 0.000 0.000 0.000
112363 0.000 0.000 0.000 0.000
112306 0.000 0.000 0.000 0.000
115853 0.000 0.000 0.000 0.000
16348 0.000 0.000 0.000 0.000
17572 0.000 0.000 0.000 0.000
112343 0.000 0.000 0.000 0.000
90048 0.000 0.000 0.000 0.000
123467 0.000 0.000 0.000 0.000
13172 0.000 0.000 0.000 0.000
82024 0.000 0.000 0.000 0.000
109181 0.000 0.000 0.000 0.000
87311 0.000 0.000 0.000 0.000
112308 0.000 0.000 0.000 0.000
112347 0.000 0.000 0.000 0.000
102968 0.000 0.000 0.000 0.000
130420 0.000 0.000 0.000 0.000
18848 0.000 0.000 0.000 0.000
14154 0.000 0.000 0.000 0.000
115850 0.000 0.000 0.000 0.000
112344 0.000 0.000 0.000 0.000
15192 0.000 0.000 0.000 0.000
112305 0.000 0.000 0.000 0.000
115858 0.000 0.000 0.000 0.000
99785 0.000 0.000 0.000 0.000
112361 0.000 0.000 0.000 0.000
112359 0.000 0.000 0.000 0.000
87366 0.000 0.000 0.000 0.000
115886 0.000 0.000 0.000 0.000
15225 0.000 0.000 0.000 0.000
127094 0.000 0.000 0.000 0.000
119579 0.000 0.000 0.000 0.000
84512 0.000 0.000 0.000 0.000
6959 0.000 0.000 0.000 0.000
103028 0.000 0.000 0.000 0.000
106098 0.000 0.000 0.000 0.000
87371 0.000 0.000 0.000 0.000
96458 0.000 0.000 0.000 0.000
103031 0.000 0.000 0.000 0.000
109265 0.000 0.000 0.000 0.000
115837 0.000 0.000 0.000 0.000
115849 0.000 0.000 0.000 0.000
82049 0.000 0.000 0.000 0.000
13173 0.000 0.000 0.000 0.000
93272 0.000 0.000 0.000 0.000
16334 0.000 0.000 0.000 0.000
106162 0.000 0.000 0.000 0.000
112316 0.000 0.000 0.000 0.000
106092 0.000 0.000 0.000 0.000
109183 0.000 0.000 0.000 0.000
8887 0.000 0.000 0.000 0.000
87313 0.000 0.000 0.000 0.000
106100 0.000 0.000 0.000 0.000
90159 0.000 0.000 0.000 0.000
109170 0.000 0.000 0.000 0.000
112315 0.000 0.000 0.000 0.000
90049 0.000 0.000 0.000 0.000
7861 0.000 0.000 0.000 0.000
87312 0.000 0.000 0.000 0.000
16350 0.000 0.000 0.000 0.000
115838 0.000 0.000 0.000 0.000
115839 0.000 0.000 0.000 0.000
16335 0.000 0.000 0.000 0.000
17571 0.000 0.000 0.000 0.000
106099 0.000 0.000 0.000 0.000
109214 0.000 0.000 0.000 0.000
109177 0.000 0.000 0.000 0.000
109185 0.000 0.000 0.000 0.000
109169 0.000 0.000 0.000 0.000
109167 0.000 0.000 0.000 0.000
87368 0.000 0.000 0.000 0.000
90047 0.000 0.000 0.000 0.000
115845 0.000 0.000 0.000 0.000
21142 0.000 0.000 0.000 0.000
87369 0.000 0.000 0.000 0.000
20022 0.000 0.000 0.000 0.000
112345 0.000 0.000 0.000 0.000
15184 0.000 0.000 0.000 0.000
87377 0.000 0.000 0.000 0.000
17557 0.000 0.000 0.000 0.000
106155 0.000 0.000 0.000 0.000
21199 0.000 0.000 0.000 0.000
126979 0.000 0.000 0.000 0.000
126984 0.000 0.000 0.000 0.000
130422 0.000 0.000 0.000 0.000
112370 0.000 0.000 0.000 0.000
5270 0.000 0.000 0.000 0.000
87378 0.000 0.000 0.000 0.000
14269 0.000 0.000 0.000 0.000
127050 0.000 0.000 0.000 0.000
76619 0.000 0.000 0.000 0.000
11077 0.000 0.000 0.000 0.000
112360 0.000 0.000 0.000 0.000
16365 0.000 0.000 0.000 0.000
109513 0.000 0.000 0.000 0.000
123561 0.000 0.000 0.000 0.000
14189 0.000 0.000 0.000 0.000
14172 0.000 0.000 0.000 0.000
109179 0.000 0.000 0.000 0.000
112304 0.000 0.000 0.000 0.000
109168 0.000 0.000 0.000 0.000
90160 0.000 0.000 0.000 0.000
115888 0.000 0.000 0.000 0.000
103024 0.000 0.000 0.000 0.000
112318 0.000 0.000 0.000 0.000
20000 0.000 0.000 0.000 0.000
22302 0.000 0.000 0.000 0.000
17578 0.000 0.000 0.000 0.000
21182 0.000 0.000 0.000 0.000
6960 0.000 0.000 0.000 0.000
130421 0.000 0.000 0.000 0.000
119630 0.000 0.000 0.000 0.000
9033 0.000 0.000 0.000 0.000
109481 0.000 0.000 0.000 0.000
109514 0.000 0.000 0.000 0.000
9950 0.000 0.000 0.000 0.000
15248 0.000 0.000 0.000 0.000
103023 0.000 0.000 0.000 0.000
82021 0.000 0.000 0.000 0.000
14280 0.000 0.000 0.000 0.000
84708 0.000 0.000 0.000 0.000
123514 0.000 0.000 0.000 0.000
102977 0.000 0.000 0.000 0.000
74819 0.000 0.000 0.000 0.000
112362 0.000 0.000 0.000 0.000
106102 0.000 0.000 0.000 0.000
99783 0.000 0.000 0.000 0.000
109252 0.000 0.000 0.000 0.000
99786 0.000 0.000 0.000 0.000
6112 0.000 0.000 0.000 0.000
115832 0.000 0.000 0.000 0.000
109165 0.000 0.000 0.000 0.000
109512 0.000 0.000 0.000 0.000
109264 0.000 0.000 0.000 0.000
130300 0.000 0.000 0.000 0.000
99782 0.000 0.000 0.000 0.000
21119 0.000 0.000 0.000 0.000
15183 0.000 0.000 0.000 0.000
119784 0.000 0.000 0.000 0.000
82229 0.000 0.000 0.000 0.000
12106 0.000 0.000 0.000 0.000
11080 0.000 0.000 0.000 0.000
119822 0.000 0.000 0.000 0.000
109184 0.000 0.000 0.000 0.000
