#!ascii label  , from subject  vox2ras=TkReg
200
87382 0.000 0.000 0.000 0.000
5269 0.000 0.000 0.000 0.000
7896 0.000 0.000 0.000 0.000
11029 0.000 0.000 0.000 0.000
119582 0.000 0.000 0.000 0.000
90166 0.000 0.000 0.000 0.000
17558 0.000 0.000 0.000 0.000
82018 0.000 0.000 0.000 0.000
80021 0.000 0.000 0.000 0.000
7875 0.000 0.000 0.000 0.000
12127 0.000 0.000 0.000 0.000
99675 0.000 0.000 0.000 0.000
80022 0.000 0.000 0.000 0.000
99729 0.000 0.000 0.000 0.000
96456 0.000 0.000 0.000 0.000
90165 0.000 0.000 0.000 0.000
102965 0.000 0.000 0.000 0.000
5268 0.000 0.000 0.000 0.000
102984 0.000 0.000 0.000 0.000
82016 0.000 0.000 0.000 0.000
82019 0.000 0.000 0.000 0.000
96284 0.000 0.000 0.000 0.000
12126 0.000 0.000 0.000 0.000
82017 0.000 0.000 0.000 0.000
80020 0.000 0.000 0.000 0.000
84514 0.000 0.000 0.000 0.000
96457 0.000 0.000 0.000 0.000
4609 0.000 0.000 0.000 0.000
96285 0.000 0.000 0.000 0.000
99715 0.000 0.000 0.000 0.000
96368 0.000 0.000 0.000 0.000
119581 0.000 0.000 0.000 0.000
5257 0.000 0.000 0.000 0.000
99782 0.000 0.000 0.000 0.000
82045 0.000 0.000 0.000 0.000
4610 0.000 0.000 0.000 0.000
82024 0.000 0.000 0.000 0.000
87381 0.000 0.000 0.000 0.000
99711 0.000 0.000 0.000 0.000
82021 0.000 0.000 0.000 0.000
80019 0.000 0.000 0.000 0.000
99704 0.000 0.000 0.000 0.000
99676 0.000 0.000 0.000 0.000
80045 0.000 0.000 0.000 0.000
12109 0.000 0.000 0.000 0.000
119580 0.000 0.000 0.000 0.000
96461 0.000 0.000 0.000 0.000
87379 0.000 0.000 0.000 0.000
9952 0.000 0.000 0.000 0.000
13166 0.000 0.000 0.000 0.000
5270 0.000 0.000 0.000 0.000
80043 0.000 0.000 0.000 0.000
99673 0.000 0.000 0.000 0.000
80016 0.000 0.000 0.000 0.000
103032 0.000 0.000 0.000 0.000
99724 0.000 0.000 0.000 0.000
103022 0.000 0.000 0.000 0.000
87461 0.000 0.000 0.000 0.000
99716 0.000 0.000 0.000 0.000
96351 0.000 0.000 0.000 0.000
103017 0.000 0.000 0.000 0.000
12142 0.000 0.000 0.000 0.000
96349 0.000 0.000 0.000 0.000
96282 0.000 0.000 0.000 0.000
80044 0.000 0.000 0.000 0.000
12118 0.000 0.000 0.000 0.000
87380 0.000 0.000 0.000 0.000
9951 0.000 0.000 0.000 0.000
11048 0.000 0.000 0.000 0.000
119619 0.000 0.000 0.000 0.000
12145 0.000 0.000 0.000 0.000
96463 0.000 0.000 0.000 0.000
17557 0.000 0.000 0.000 0.000
119579 0.000 0.000 0.000 0.000
99720 0.000 0.000 0.000 0.000
93394 0.000 0.000 0.000 0.000
99718 0.000 0.000 0.000 0.000
99794 0.000 0.000 0.000 0.000
99790 0.000 0.000 0.000 0.000
80018 0.000 0.000 0.000 0.000
96465 0.000 0.000 0.000 0.000
90168 0.000 0.000 0.000 0.000
78129 0.000 0.000 0.000 0.000
8944 0.000 0.000 0.000 0.000
99789 0.000 0.000 0.000 0.000
12128 0.000 0.000 0.000 0.000
93484 0.000 0.000 0.000 0.000
80014 0.000 0.000 0.000 0.000
82020 0.000 0.000 0.000 0.000
99723 0.000 0.000 0.000 0.000
82049 0.000 0.000 0.000 0.000
119583 0.000 0.000 0.000 0.000
119620 0.000 0.000 0.000 0.000
93392 0.000 0.000 0.000 0.000
80015 0.000 0.000 0.000 0.000
96347 0.000 0.000 0.000 0.000
79996 0.000 0.000 0.000 0.000
6960 0.000 0.000 0.000 0.000
90167 0.000 0.000 0.000 0.000
93909 0.000 0.000 0.000 0.000
102966 0.000 0.000 0.000 0.000
5267 0.000 0.000 0.000 0.000
12124 0.000 0.000 0.000 0.000
99671 0.000 0.000 0.000 0.000
82022 0.000 0.000 0.000 0.000
99717 0.000 0.000 0.000 0.000
99788 0.000 0.000 0.000 0.000
99796 0.000 0.000 0.000 0.000
9917 0.000 0.000 0.000 0.000
99725 0.000 0.000 0.000 0.000
93815 0.000 0.000 0.000 0.000
11053 0.000 0.000 0.000 0.000
102923 0.000 0.000 0.000 0.000
90664 0.000 0.000 0.000 0.000
80017 0.000 0.000 0.000 0.000
11007 0.000 0.000 0.000 0.000
96286 0.000 0.000 0.000 0.000
11023 0.000 0.000 0.000 0.000
103021 0.000 0.000 0.000 0.000
3998 0.000 0.000 0.000 0.000
12140 0.000 0.000 0.000 0.000
11025 0.000 0.000 0.000 0.000
99784 0.000 0.000 0.000 0.000
93395 0.000 0.000 0.000 0.000
8038 0.000 0.000 0.000 0.000
93910 0.000 0.000 0.000 0.000
99719 0.000 0.000 0.000 0.000
99721 0.000 0.000 0.000 0.000
9950 0.000 0.000 0.000 0.000
8913 0.000 0.000 0.000 0.000
99806 0.000 0.000 0.000 0.000
93905 0.000 0.000 0.000 0.000
78128 0.000 0.000 0.000 0.000
82051 0.000 0.000 0.000 0.000
99667 0.000 0.000 0.000 0.000
96467 0.000 0.000 0.000 0.000
9899 0.000 0.000 0.000 0.000
90567 0.000 0.000 0.000 0.000
119621 0.000 0.000 0.000 0.000
119584 0.000 0.000 0.000 0.000
9920 0.000 0.000 0.000 0.000
87518 0.000 0.000 0.000 0.000
90161 0.000 0.000 0.000 0.000
11006 0.000 0.000 0.000 0.000
99722 0.000 0.000 0.000 0.000
80373 0.000 0.000 0.000 0.000
96462 0.000 0.000 0.000 0.000
80375 0.000 0.000 0.000 0.000
93389 0.000 0.000 0.000 0.000
93903 0.000 0.000 0.000 0.000
96455 0.000 0.000 0.000 0.000
96367 0.000 0.000 0.000 0.000
5258 0.000 0.000 0.000 0.000
87383 0.000 0.000 0.000 0.000
96472 0.000 0.000 0.000 0.000
96352 0.000 0.000 0.000 0.000
99795 0.000 0.000 0.000 0.000
96350 0.000 0.000 0.000 0.000
106152 0.000 0.000 0.000 0.000
99672 0.000 0.000 0.000 0.000
103029 0.000 0.000 0.000 0.000
102925 0.000 0.000 0.000 0.000
93398 0.000 0.000 0.000 0.000
102964 0.000 0.000 0.000 0.000
82046 0.000 0.000 0.000 0.000
87377 0.000 0.000 0.000 0.000
106151 0.000 0.000 0.000 0.000
80336 0.000 0.000 0.000 0.000
4601 0.000 0.000 0.000 0.000
9946 0.000 0.000 0.000 0.000
11050 0.000 0.000 0.000 0.000
96464 0.000 0.000 0.000 0.000
82044 0.000 0.000 0.000 0.000
90160 0.000 0.000 0.000 0.000
96466 0.000 0.000 0.000 0.000
81988 0.000 0.000 0.000 0.000
11047 0.000 0.000 0.000 0.000
11049 0.000 0.000 0.000 0.000
93822 0.000 0.000 0.000 0.000
99780 0.000 0.000 0.000 0.000
93535 0.000 0.000 0.000 0.000
80370 0.000 0.000 0.000 0.000
80046 0.000 0.000 0.000 0.000
78458 0.000 0.000 0.000 0.000
82043 0.000 0.000 0.000 0.000
82387 0.000 0.000 0.000 0.000
90169 0.000 0.000 0.000 0.000
6167 0.000 0.000 0.000 0.000
7874 0.000 0.000 0.000 0.000
99781 0.000 0.000 0.000 0.000
90159 0.000 0.000 0.000 0.000
93823 0.000 0.000 0.000 0.000
99670 0.000 0.000 0.000 0.000
90661 0.000 0.000 0.000 0.000
9083 0.000 0.000 0.000 0.000
99677 0.000 0.000 0.000 0.000
123376 0.000 0.000 0.000 0.000
93814 0.000 0.000 0.000 0.000
9059 0.000 0.000 0.000 0.000
82386 0.000 0.000 0.000 0.000
