#!ascii label  , from subject  vox2ras=TkReg
181
87881 0.000 0.000 0.000 0.000
90661 0.000 0.000 0.000 0.000
90663 0.000 0.000 0.000 0.000
8065 0.000 0.000 0.000 0.000
8038 0.000 0.000 0.000 0.000
99424 0.000 0.000 0.000 0.000
87882 0.000 0.000 0.000 0.000
90662 0.000 0.000 0.000 0.000
87838 0.000 0.000 0.000 0.000
90567 0.000 0.000 0.000 0.000
106128 0.000 0.000 0.000 0.000
106118 0.000 0.000 0.000 0.000
14181 0.000 0.000 0.000 0.000
90565 0.000 0.000 0.000 0.000
87920 0.000 0.000 0.000 0.000
87880 0.000 0.000 0.000 0.000
10943 0.000 0.000 0.000 0.000
90665 0.000 0.000 0.000 0.000
106127 0.000 0.000 0.000 0.000
96039 0.000 0.000 0.000 0.000
109222 0.000 0.000 0.000 0.000
87839 0.000 0.000 0.000 0.000
103027 0.000 0.000 0.000 0.000
109214 0.000 0.000 0.000 0.000
12090 0.000 0.000 0.000 0.000
103023 0.000 0.000 0.000 0.000
109228 0.000 0.000 0.000 0.000
8011 0.000 0.000 0.000 0.000
14180 0.000 0.000 0.000 0.000
103025 0.000 0.000 0.000 0.000
14182 0.000 0.000 0.000 0.000
12124 0.000 0.000 0.000 0.000
12142 0.000 0.000 0.000 0.000
103030 0.000 0.000 0.000 0.000
8039 0.000 0.000 0.000 0.000
96118 0.000 0.000 0.000 0.000
90566 0.000 0.000 0.000 0.000
99796 0.000 0.000 0.000 0.000
103022 0.000 0.000 0.000 0.000
106120 0.000 0.000 0.000 0.000
90670 0.000 0.000 0.000 0.000
87836 0.000 0.000 0.000 0.000
90668 0.000 0.000 0.000 0.000
106126 0.000 0.000 0.000 0.000
90667 0.000 0.000 0.000 0.000
109216 0.000 0.000 0.000 0.000
90743 0.000 0.000 0.000 0.000
14193 0.000 0.000 0.000 0.000
103021 0.000 0.000 0.000 0.000
103024 0.000 0.000 0.000 0.000
102926 0.000 0.000 0.000 0.000
96037 0.000 0.000 0.000 0.000
106119 0.000 0.000 0.000 0.000
96038 0.000 0.000 0.000 0.000
102968 0.000 0.000 0.000 0.000
103017 0.000 0.000 0.000 0.000
102922 0.000 0.000 0.000 0.000
10928 0.000 0.000 0.000 0.000
106125 0.000 0.000 0.000 0.000
106117 0.000 0.000 0.000 0.000
102969 0.000 0.000 0.000 0.000
102982 0.000 0.000 0.000 0.000
102928 0.000 0.000 0.000 0.000
87919 0.000 0.000 0.000 0.000
102984 0.000 0.000 0.000 0.000
12125 0.000 0.000 0.000 0.000
102932 0.000 0.000 0.000 0.000
14190 0.000 0.000 0.000 0.000
84870 0.000 0.000 0.000 0.000
102921 0.000 0.000 0.000 0.000
13138 0.000 0.000 0.000 0.000
102980 0.000 0.000 0.000 0.000
102983 0.000 0.000 0.000 0.000
7129 0.000 0.000 0.000 0.000
106173 0.000 0.000 0.000 0.000
9060 0.000 0.000 0.000 0.000
12106 0.000 0.000 0.000 0.000
106116 0.000 0.000 0.000 0.000
99789 0.000 0.000 0.000 0.000
106162 0.000 0.000 0.000 0.000
102975 0.000 0.000 0.000 0.000
90666 0.000 0.000 0.000 0.000
103031 0.000 0.000 0.000 0.000
90744 0.000 0.000 0.000 0.000
106114 0.000 0.000 0.000 0.000
102924 0.000 0.000 0.000 0.000
9081 0.000 0.000 0.000 0.000
13172 0.000 0.000 0.000 0.000
87837 0.000 0.000 0.000 0.000
106113 0.000 0.000 0.000 0.000
99673 0.000 0.000 0.000 0.000
102976 0.000 0.000 0.000 0.000
8012 0.000 0.000 0.000 0.000
99794 0.000 0.000 0.000 0.000
106129 0.000 0.000 0.000 0.000
99790 0.000 0.000 0.000 0.000
9059 0.000 0.000 0.000 0.000
14192 0.000 0.000 0.000 0.000
102967 0.000 0.000 0.000 0.000
106115 0.000 0.000 0.000 0.000
13137 0.000 0.000 0.000 0.000
106134 0.000 0.000 0.000 0.000
14179 0.000 0.000 0.000 0.000
99720 0.000 0.000 0.000 0.000
102978 0.000 0.000 0.000 0.000
109264 0.000 0.000 0.000 0.000
106121 0.000 0.000 0.000 0.000
97030 0.000 0.000 0.000 0.000
106130 0.000 0.000 0.000 0.000
8064 0.000 0.000 0.000 0.000
12143 0.000 0.000 0.000 0.000
12108 0.000 0.000 0.000 0.000
13161 0.000 0.000 0.000 0.000
99717 0.000 0.000 0.000 0.000
106160 0.000 0.000 0.000 0.000
112464 0.000 0.000 0.000 0.000
12091 0.000 0.000 0.000 0.000
106179 0.000 0.000 0.000 0.000
13160 0.000 0.000 0.000 0.000
99729 0.000 0.000 0.000 0.000
106122 0.000 0.000 0.000 0.000
102923 0.000 0.000 0.000 0.000
11025 0.000 0.000 0.000 0.000
14189 0.000 0.000 0.000 0.000
13159 0.000 0.000 0.000 0.000
9058 0.000 0.000 0.000 0.000
99728 0.000 0.000 0.000 0.000
99721 0.000 0.000 0.000 0.000
90664 0.000 0.000 0.000 0.000
103028 0.000 0.000 0.000 0.000
93091 0.000 0.000 0.000 0.000
11026 0.000 0.000 0.000 0.000
102973 0.000 0.000 0.000 0.000
12109 0.000 0.000 0.000 0.000
99719 0.000 0.000 0.000 0.000
103029 0.000 0.000 0.000 0.000
12128 0.000 0.000 0.000 0.000
106172 0.000 0.000 0.000 0.000
94004 0.000 0.000 0.000 0.000
97067 0.000 0.000 0.000 0.000
109254 0.000 0.000 0.000 0.000
13173 0.000 0.000 0.000 0.000
90742 0.000 0.000 0.000 0.000
102981 0.000 0.000 0.000 0.000
102979 0.000 0.000 0.000 0.000
9835 0.000 0.000 0.000 0.000
109265 0.000 0.000 0.000 0.000
11250 0.000 0.000 0.000 0.000
102933 0.000 0.000 0.000 0.000
102972 0.000 0.000 0.000 0.000
99795 0.000 0.000 0.000 0.000
12107 0.000 0.000 0.000 0.000
102925 0.000 0.000 0.000 0.000
109252 0.000 0.000 0.000 0.000
106131 0.000 0.000 0.000 0.000
109203 0.000 0.000 0.000 0.000
90676 0.000 0.000 0.000 0.000
87834 0.000 0.000 0.000 0.000
102974 0.000 0.000 0.000 0.000
80411 0.000 0.000 0.000 0.000
106123 0.000 0.000 0.000 0.000
99715 0.000 0.000 0.000 0.000
99791 0.000 0.000 0.000 0.000
84892 0.000 0.000 0.000 0.000
97029 0.000 0.000 0.000 0.000
99723 0.000 0.000 0.000 0.000
106178 0.000 0.000 0.000 0.000
96285 0.000 0.000 0.000 0.000
13171 0.000 0.000 0.000 0.000
96034 0.000 0.000 0.000 0.000
96030 0.000 0.000 0.000 0.000
102970 0.000 0.000 0.000 0.000
102931 0.000 0.000 0.000 0.000
13136 0.000 0.000 0.000 0.000
103026 0.000 0.000 0.000 0.000
10058 0.000 0.000 0.000 0.000
80413 0.000 0.000 0.000 0.000
12127 0.000 0.000 0.000 0.000
78517 0.000 0.000 0.000 0.000
9080 0.000 0.000 0.000 0.000
99670 0.000 0.000 0.000 0.000
