#!ascii label  , from subject  vox2ras=TkReg
154
109157 0.000 0.000 0.000 0.000
99424 0.000 0.000 0.000 0.000
10943 0.000 0.000 0.000 0.000
109182 0.000 0.000 0.000 0.000
96039 0.000 0.000 0.000 0.000
13158 0.000 0.000 0.000 0.000
96118 0.000 0.000 0.000 0.000
106155 0.000 0.000 0.000 0.000
96037 0.000 0.000 0.000 0.000
10928 0.000 0.000 0.000 0.000
109180 0.000 0.000 0.000 0.000
106182 0.000 0.000 0.000 0.000
13153 0.000 0.000 0.000 0.000
96038 0.000 0.000 0.000 0.000
106098 0.000 0.000 0.000 0.000
106093 0.000 0.000 0.000 0.000
14171 0.000 0.000 0.000 0.000
106181 0.000 0.000 0.000 0.000
102916 0.000 0.000 0.000 0.000
106123 0.000 0.000 0.000 0.000
94048 0.000 0.000 0.000 0.000
13133 0.000 0.000 0.000 0.000
13137 0.000 0.000 0.000 0.000
106113 0.000 0.000 0.000 0.000
106116 0.000 0.000 0.000 0.000
102915 0.000 0.000 0.000 0.000
106158 0.000 0.000 0.000 0.000
106114 0.000 0.000 0.000 0.000
15225 0.000 0.000 0.000 0.000
94050 0.000 0.000 0.000 0.000
106112 0.000 0.000 0.000 0.000
106110 0.000 0.000 0.000 0.000
106160 0.000 0.000 0.000 0.000
12089 0.000 0.000 0.000 0.000
102920 0.000 0.000 0.000 0.000
14189 0.000 0.000 0.000 0.000
106152 0.000 0.000 0.000 0.000
109255 0.000 0.000 0.000 0.000
96034 0.000 0.000 0.000 0.000
106085 0.000 0.000 0.000 0.000
106162 0.000 0.000 0.000 0.000
109181 0.000 0.000 0.000 0.000
102977 0.000 0.000 0.000 0.000
102913 0.000 0.000 0.000 0.000
106095 0.000 0.000 0.000 0.000
106091 0.000 0.000 0.000 0.000
106122 0.000 0.000 0.000 0.000
80271 0.000 0.000 0.000 0.000
5350 0.000 0.000 0.000 0.000
106124 0.000 0.000 0.000 0.000
14176 0.000 0.000 0.000 0.000
102918 0.000 0.000 0.000 0.000
14153 0.000 0.000 0.000 0.000
82262 0.000 0.000 0.000 0.000
109252 0.000 0.000 0.000 0.000
82261 0.000 0.000 0.000 0.000
9136 0.000 0.000 0.000 0.000
102908 0.000 0.000 0.000 0.000
94047 0.000 0.000 0.000 0.000
106092 0.000 0.000 0.000 0.000
14190 0.000 0.000 0.000 0.000
109185 0.000 0.000 0.000 0.000
8945 0.000 0.000 0.000 0.000
103031 0.000 0.000 0.000 0.000
109167 0.000 0.000 0.000 0.000
109204 0.000 0.000 0.000 0.000
80267 0.000 0.000 0.000 0.000
109253 0.000 0.000 0.000 0.000
102917 0.000 0.000 0.000 0.000
109201 0.000 0.000 0.000 0.000
106084 0.000 0.000 0.000 0.000
106089 0.000 0.000 0.000 0.000
13173 0.000 0.000 0.000 0.000
80266 0.000 0.000 0.000 0.000
106154 0.000 0.000 0.000 0.000
96030 0.000 0.000 0.000 0.000
13132 0.000 0.000 0.000 0.000
9149 0.000 0.000 0.000 0.000
94003 0.000 0.000 0.000 0.000
14158 0.000 0.000 0.000 0.000
99788 0.000 0.000 0.000 0.000
102905 0.000 0.000 0.000 0.000
80268 0.000 0.000 0.000 0.000
14157 0.000 0.000 0.000 0.000
90998 0.000 0.000 0.000 0.000
12088 0.000 0.000 0.000 0.000
109205 0.000 0.000 0.000 0.000
94051 0.000 0.000 0.000 0.000
109256 0.000 0.000 0.000 0.000
13172 0.000 0.000 0.000 0.000
112722 0.000 0.000 0.000 0.000
4676 0.000 0.000 0.000 0.000
112724 0.000 0.000 0.000 0.000
16458 0.000 0.000 0.000 0.000
80269 0.000 0.000 0.000 0.000
93092 0.000 0.000 0.000 0.000
102907 0.000 0.000 0.000 0.000
109178 0.000 0.000 0.000 0.000
93270 0.000 0.000 0.000 0.000
116151 0.000 0.000 0.000 0.000
13150 0.000 0.000 0.000 0.000
106090 0.000 0.000 0.000 0.000
5338 0.000 0.000 0.000 0.000
93762 0.000 0.000 0.000 0.000
102906 0.000 0.000 0.000 0.000
5349 0.000 0.000 0.000 0.000
15251 0.000 0.000 0.000 0.000
106099 0.000 0.000 0.000 0.000
13159 0.000 0.000 0.000 0.000
112723 0.000 0.000 0.000 0.000
109199 0.000 0.000 0.000 0.000
9835 0.000 0.000 0.000 0.000
82359 0.000 0.000 0.000 0.000
13131 0.000 0.000 0.000 0.000
8887 0.000 0.000 0.000 0.000
80265 0.000 0.000 0.000 0.000
109214 0.000 0.000 0.000 0.000
80226 0.000 0.000 0.000 0.000
10078 0.000 0.000 0.000 0.000
103025 0.000 0.000 0.000 0.000
91129 0.000 0.000 0.000 0.000
103030 0.000 0.000 0.000 0.000
93519 0.000 0.000 0.000 0.000
106180 0.000 0.000 0.000 0.000
16457 0.000 0.000 0.000 0.000
106120 0.000 0.000 0.000 0.000
99783 0.000 0.000 0.000 0.000
106083 0.000 0.000 0.000 0.000
112671 0.000 0.000 0.000 0.000
116145 0.000 0.000 0.000 0.000
9159 0.000 0.000 0.000 0.000
10178 0.000 0.000 0.000 0.000
102914 0.000 0.000 0.000 0.000
106103 0.000 0.000 0.000 0.000
93272 0.000 0.000 0.000 0.000
106157 0.000 0.000 0.000 0.000
106115 0.000 0.000 0.000 0.000
80264 0.000 0.000 0.000 0.000
82266 0.000 0.000 0.000 0.000
106151 0.000 0.000 0.000 0.000
102919 0.000 0.000 0.000 0.000
84821 0.000 0.000 0.000 0.000
14173 0.000 0.000 0.000 0.000
17684 0.000 0.000 0.000 0.000
15252 0.000 0.000 0.000 0.000
116149 0.000 0.000 0.000 0.000
102978 0.000 0.000 0.000 0.000
82256 0.000 0.000 0.000 0.000
14172 0.000 0.000 0.000 0.000
106161 0.000 0.000 0.000 0.000
116097 0.000 0.000 0.000 0.000
96453 0.000 0.000 0.000 0.000
106153 0.000 0.000 0.000 0.000
90171 0.000 0.000 0.000 0.000
