#!ascii label  , from subject  vox2ras=TkReg
194
87839 0.000 0.000 0.000 0.000
87836 0.000 0.000 0.000 0.000
90565 0.000 0.000 0.000 0.000
8011 0.000 0.000 0.000 0.000
87881 0.000 0.000 0.000 0.000
87838 0.000 0.000 0.000 0.000
8038 0.000 0.000 0.000 0.000
87880 0.000 0.000 0.000 0.000
87837 0.000 0.000 0.000 0.000
90567 0.000 0.000 0.000 0.000
90663 0.000 0.000 0.000 0.000
7106 0.000 0.000 0.000 0.000
90661 0.000 0.000 0.000 0.000
90566 0.000 0.000 0.000 0.000
8012 0.000 0.000 0.000 0.000
84870 0.000 0.000 0.000 0.000
87835 0.000 0.000 0.000 0.000
87882 0.000 0.000 0.000 0.000
87834 0.000 0.000 0.000 0.000
84846 0.000 0.000 0.000 0.000
84840 0.000 0.000 0.000 0.000
7118 0.000 0.000 0.000 0.000
87833 0.000 0.000 0.000 0.000
8039 0.000 0.000 0.000 0.000
84837 0.000 0.000 0.000 0.000
8065 0.000 0.000 0.000 0.000
87840 0.000 0.000 0.000 0.000
84838 0.000 0.000 0.000 0.000
103027 0.000 0.000 0.000 0.000
94004 0.000 0.000 0.000 0.000
102975 0.000 0.000 0.000 0.000
87842 0.000 0.000 0.000 0.000
7129 0.000 0.000 0.000 0.000
90662 0.000 0.000 0.000 0.000
97030 0.000 0.000 0.000 0.000
102973 0.000 0.000 0.000 0.000
103030 0.000 0.000 0.000 0.000
87920 0.000 0.000 0.000 0.000
84844 0.000 0.000 0.000 0.000
106127 0.000 0.000 0.000 0.000
7105 0.000 0.000 0.000 0.000
102972 0.000 0.000 0.000 0.000
7107 0.000 0.000 0.000 0.000
11250 0.000 0.000 0.000 0.000
90665 0.000 0.000 0.000 0.000
106130 0.000 0.000 0.000 0.000
13159 0.000 0.000 0.000 0.000
102969 0.000 0.000 0.000 0.000
84842 0.000 0.000 0.000 0.000
102968 0.000 0.000 0.000 0.000
102974 0.000 0.000 0.000 0.000
97029 0.000 0.000 0.000 0.000
12128 0.000 0.000 0.000 0.000
13138 0.000 0.000 0.000 0.000
109222 0.000 0.000 0.000 0.000
102967 0.000 0.000 0.000 0.000
12106 0.000 0.000 0.000 0.000
84839 0.000 0.000 0.000 0.000
87841 0.000 0.000 0.000 0.000
12125 0.000 0.000 0.000 0.000
99673 0.000 0.000 0.000 0.000
99678 0.000 0.000 0.000 0.000
106129 0.000 0.000 0.000 0.000
102978 0.000 0.000 0.000 0.000
11026 0.000 0.000 0.000 0.000
99728 0.000 0.000 0.000 0.000
106123 0.000 0.000 0.000 0.000
102935 0.000 0.000 0.000 0.000
99672 0.000 0.000 0.000 0.000
102977 0.000 0.000 0.000 0.000
71437 0.000 0.000 0.000 0.000
87843 0.000 0.000 0.000 0.000
97067 0.000 0.000 0.000 0.000
99717 0.000 0.000 0.000 0.000
13160 0.000 0.000 0.000 0.000
13173 0.000 0.000 0.000 0.000
8013 0.000 0.000 0.000 0.000
99424 0.000 0.000 0.000 0.000
106125 0.000 0.000 0.000 0.000
14181 0.000 0.000 0.000 0.000
96118 0.000 0.000 0.000 0.000
2301 0.000 0.000 0.000 0.000
72840 0.000 0.000 0.000 0.000
87919 0.000 0.000 0.000 0.000
90668 0.000 0.000 0.000 0.000
11025 0.000 0.000 0.000 0.000
12107 0.000 0.000 0.000 0.000
12111 0.000 0.000 0.000 0.000
99791 0.000 0.000 0.000 0.000
106128 0.000 0.000 0.000 0.000
72843 0.000 0.000 0.000 0.000
11050 0.000 0.000 0.000 0.000
103025 0.000 0.000 0.000 0.000
12124 0.000 0.000 0.000 0.000
71438 0.000 0.000 0.000 0.000
102976 0.000 0.000 0.000 0.000
84849 0.000 0.000 0.000 0.000
106182 0.000 0.000 0.000 0.000
106126 0.000 0.000 0.000 0.000
109228 0.000 0.000 0.000 0.000
87846 0.000 0.000 0.000 0.000
102982 0.000 0.000 0.000 0.000
99674 0.000 0.000 0.000 0.000
99729 0.000 0.000 0.000 0.000
106134 0.000 0.000 0.000 0.000
12110 0.000 0.000 0.000 0.000
71436 0.000 0.000 0.000 0.000
93091 0.000 0.000 0.000 0.000
10943 0.000 0.000 0.000 0.000
71440 0.000 0.000 0.000 0.000
90568 0.000 0.000 0.000 0.000
71391 0.000 0.000 0.000 0.000
1850 0.000 0.000 0.000 0.000
109211 0.000 0.000 0.000 0.000
99727 0.000 0.000 0.000 0.000
96038 0.000 0.000 0.000 0.000
112464 0.000 0.000 0.000 0.000
13161 0.000 0.000 0.000 0.000
6165 0.000 0.000 0.000 0.000
15251 0.000 0.000 0.000 0.000
106122 0.000 0.000 0.000 0.000
102932 0.000 0.000 0.000 0.000
14182 0.000 0.000 0.000 0.000
12340 0.000 0.000 0.000 0.000
72841 0.000 0.000 0.000 0.000
99720 0.000 0.000 0.000 0.000
102970 0.000 0.000 0.000 0.000
103023 0.000 0.000 0.000 0.000
2855 0.000 0.000 0.000 0.000
102925 0.000 0.000 0.000 0.000
99604 0.000 0.000 0.000 0.000
99795 0.000 0.000 0.000 0.000
103031 0.000 0.000 0.000 0.000
84845 0.000 0.000 0.000 0.000
106131 0.000 0.000 0.000 0.000
102933 0.000 0.000 0.000 0.000
6164 0.000 0.000 0.000 0.000
90667 0.000 0.000 0.000 0.000
103028 0.000 0.000 0.000 0.000
102931 0.000 0.000 0.000 0.000
109217 0.000 0.000 0.000 0.000
9835 0.000 0.000 0.000 0.000
99726 0.000 0.000 0.000 0.000
90743 0.000 0.000 0.000 0.000
107026 0.000 0.000 0.000 0.000
70152 0.000 0.000 0.000 0.000
10149 0.000 0.000 0.000 0.000
90666 0.000 0.000 0.000 0.000
102983 0.000 0.000 0.000 0.000
7119 0.000 0.000 0.000 0.000
84871 0.000 0.000 0.000 0.000
103021 0.000 0.000 0.000 0.000
106060 0.000 0.000 0.000 0.000
102984 0.000 0.000 0.000 0.000
102926 0.000 0.000 0.000 0.000
84836 0.000 0.000 0.000 0.000
109206 0.000 0.000 0.000 0.000
82382 0.000 0.000 0.000 0.000
99715 0.000 0.000 0.000 0.000
96039 0.000 0.000 0.000 0.000
96037 0.000 0.000 0.000 0.000
10163 0.000 0.000 0.000 0.000
103024 0.000 0.000 0.000 0.000
99723 0.000 0.000 0.000 0.000
8064 0.000 0.000 0.000 0.000
87844 0.000 0.000 0.000 0.000
106117 0.000 0.000 0.000 0.000
84841 0.000 0.000 0.000 0.000
99605 0.000 0.000 0.000 0.000
2315 0.000 0.000 0.000 0.000
93464 0.000 0.000 0.000 0.000
99792 0.000 0.000 0.000 0.000
99606 0.000 0.000 0.000 0.000
70131 0.000 0.000 0.000 0.000
99597 0.000 0.000 0.000 0.000
99719 0.000 0.000 0.000 0.000
74647 0.000 0.000 0.000 0.000
87847 0.000 0.000 0.000 0.000
99670 0.000 0.000 0.000 0.000
99602 0.000 0.000 0.000 0.000
11005 0.000 0.000 0.000 0.000
87848 0.000 0.000 0.000 0.000
99718 0.000 0.000 0.000 0.000
99666 0.000 0.000 0.000 0.000
99677 0.000 0.000 0.000 0.000
14474 0.000 0.000 0.000 0.000
99787 0.000 0.000 0.000 0.000
15252 0.000 0.000 0.000 0.000
71439 0.000 0.000 0.000 0.000
9081 0.000 0.000 0.000 0.000
9058 0.000 0.000 0.000 0.000
99669 0.000 0.000 0.000 0.000
99794 0.000 0.000 0.000 0.000
109257 0.000 0.000 0.000 0.000
