#!ascii label  , from subject  vox2ras=TkReg
186
13172 0.000 0.000 0.000 0.000
103031 0.000 0.000 0.000 0.000
112385 0.000 0.000 0.000 0.000
123329 0.000 0.000 0.000 0.000
15228 0.000 0.000 0.000 0.000
19965 0.000 0.000 0.000 0.000
87881 0.000 0.000 0.000 0.000
112464 0.000 0.000 0.000 0.000
119582 0.000 0.000 0.000 0.000
126828 0.000 0.000 0.000 0.000
90663 0.000 0.000 0.000 0.000
103025 0.000 0.000 0.000 0.000
17577 0.000 0.000 0.000 0.000
90661 0.000 0.000 0.000 0.000
119631 0.000 0.000 0.000 0.000
103030 0.000 0.000 0.000 0.000
119642 0.000 0.000 0.000 0.000
112384 0.000 0.000 0.000 0.000
15199 0.000 0.000 0.000 0.000
8065 0.000 0.000 0.000 0.000
17565 0.000 0.000 0.000 0.000
13171 0.000 0.000 0.000 0.000
123315 0.000 0.000 0.000 0.000
14193 0.000 0.000 0.000 0.000
119644 0.000 0.000 0.000 0.000
126715 0.000 0.000 0.000 0.000
119643 0.000 0.000 0.000 0.000
17558 0.000 0.000 0.000 0.000
119633 0.000 0.000 0.000 0.000
119632 0.000 0.000 0.000 0.000
123313 0.000 0.000 0.000 0.000
106173 0.000 0.000 0.000 0.000
126830 0.000 0.000 0.000 0.000
90662 0.000 0.000 0.000 0.000
119630 0.000 0.000 0.000 0.000
119635 0.000 0.000 0.000 0.000
103024 0.000 0.000 0.000 0.000
106125 0.000 0.000 0.000 0.000
106120 0.000 0.000 0.000 0.000
13173 0.000 0.000 0.000 0.000
112465 0.000 0.000 0.000 0.000
106118 0.000 0.000 0.000 0.000
106119 0.000 0.000 0.000 0.000
103026 0.000 0.000 0.000 0.000
106128 0.000 0.000 0.000 0.000
126920 0.000 0.000 0.000 0.000
106127 0.000 0.000 0.000 0.000
112388 0.000 0.000 0.000 0.000
109227 0.000 0.000 0.000 0.000
109214 0.000 0.000 0.000 0.000
109220 0.000 0.000 0.000 0.000
126716 0.000 0.000 0.000 0.000
90670 0.000 0.000 0.000 0.000
112380 0.000 0.000 0.000 0.000
90665 0.000 0.000 0.000 0.000
13142 0.000 0.000 0.000 0.000
17584 0.000 0.000 0.000 0.000
15232 0.000 0.000 0.000 0.000
112386 0.000 0.000 0.000 0.000
21079 0.000 0.000 0.000 0.000
106113 0.000 0.000 0.000 0.000
112379 0.000 0.000 0.000 0.000
8038 0.000 0.000 0.000 0.000
109226 0.000 0.000 0.000 0.000
14192 0.000 0.000 0.000 0.000
102877 0.000 0.000 0.000 0.000
106114 0.000 0.000 0.000 0.000
87882 0.000 0.000 0.000 0.000
19985 0.000 0.000 0.000 0.000
14180 0.000 0.000 0.000 0.000
106179 0.000 0.000 0.000 0.000
115913 0.000 0.000 0.000 0.000
130328 0.000 0.000 0.000 0.000
126746 0.000 0.000 0.000 0.000
102976 0.000 0.000 0.000 0.000
115887 0.000 0.000 0.000 0.000
119646 0.000 0.000 0.000 0.000
22213 0.000 0.000 0.000 0.000
14189 0.000 0.000 0.000 0.000
106172 0.000 0.000 0.000 0.000
12124 0.000 0.000 0.000 0.000
130150 0.000 0.000 0.000 0.000
106160 0.000 0.000 0.000 0.000
109213 0.000 0.000 0.000 0.000
112377 0.000 0.000 0.000 0.000
123278 0.000 0.000 0.000 0.000
87920 0.000 0.000 0.000 0.000
14182 0.000 0.000 0.000 0.000
130105 0.000 0.000 0.000 0.000
109224 0.000 0.000 0.000 0.000
102972 0.000 0.000 0.000 0.000
15203 0.000 0.000 0.000 0.000
102879 0.000 0.000 0.000 0.000
106170 0.000 0.000 0.000 0.000
112321 0.000 0.000 0.000 0.000
106162 0.000 0.000 0.000 0.000
130151 0.000 0.000 0.000 0.000
102937 0.000 0.000 0.000 0.000
13159 0.000 0.000 0.000 0.000
103017 0.000 0.000 0.000 0.000
102978 0.000 0.000 0.000 0.000
119645 0.000 0.000 0.000 0.000
109050 0.000 0.000 0.000 0.000
112378 0.000 0.000 0.000 0.000
21176 0.000 0.000 0.000 0.000
106155 0.000 0.000 0.000 0.000
109230 0.000 0.000 0.000 0.000
14181 0.000 0.000 0.000 0.000
130098 0.000 0.000 0.000 0.000
119619 0.000 0.000 0.000 0.000
106121 0.000 0.000 0.000 0.000
123328 0.000 0.000 0.000 0.000
119580 0.000 0.000 0.000 0.000
21156 0.000 0.000 0.000 0.000
112405 0.000 0.000 0.000 0.000
18790 0.000 0.000 0.000 0.000
102975 0.000 0.000 0.000 0.000
119608 0.000 0.000 0.000 0.000
12142 0.000 0.000 0.000 0.000
119583 0.000 0.000 0.000 0.000
112400 0.000 0.000 0.000 0.000
106181 0.000 0.000 0.000 0.000
112330 0.000 0.000 0.000 0.000
103023 0.000 0.000 0.000 0.000
119604 0.000 0.000 0.000 0.000
112394 0.000 0.000 0.000 0.000
106177 0.000 0.000 0.000 0.000
102872 0.000 0.000 0.000 0.000
106178 0.000 0.000 0.000 0.000
123372 0.000 0.000 0.000 0.000
12106 0.000 0.000 0.000 0.000
16356 0.000 0.000 0.000 0.000
9059 0.000 0.000 0.000 0.000
119584 0.000 0.000 0.000 0.000
109103 0.000 0.000 0.000 0.000
109229 0.000 0.000 0.000 0.000
109228 0.000 0.000 0.000 0.000
13137 0.000 0.000 0.000 0.000
103027 0.000 0.000 0.000 0.000
119620 0.000 0.000 0.000 0.000
106115 0.000 0.000 0.000 0.000
112320 0.000 0.000 0.000 0.000
17572 0.000 0.000 0.000 0.000
103021 0.000 0.000 0.000 0.000
106182 0.000 0.000 0.000 0.000
103022 0.000 0.000 0.000 0.000
130099 0.000 0.000 0.000 0.000
15251 0.000 0.000 0.000 0.000
106129 0.000 0.000 0.000 0.000
126921 0.000 0.000 0.000 0.000
15229 0.000 0.000 0.000 0.000
109211 0.000 0.000 0.000 0.000
106122 0.000 0.000 0.000 0.000
126818 0.000 0.000 0.000 0.000
106099 0.000 0.000 0.000 0.000
126714 0.000 0.000 0.000 0.000
106116 0.000 0.000 0.000 0.000
115812 0.000 0.000 0.000 0.000
130103 0.000 0.000 0.000 0.000
102880 0.000 0.000 0.000 0.000
112319 0.000 0.000 0.000 0.000
130330 0.000 0.000 0.000 0.000
99790 0.000 0.000 0.000 0.000
109216 0.000 0.000 0.000 0.000
12090 0.000 0.000 0.000 0.000
90567 0.000 0.000 0.000 0.000
123314 0.000 0.000 0.000 0.000
21127 0.000 0.000 0.000 0.000
18796 0.000 0.000 0.000 0.000
102922 0.000 0.000 0.000 0.000
102984 0.000 0.000 0.000 0.000
106074 0.000 0.000 0.000 0.000
102923 0.000 0.000 0.000 0.000
130329 0.000 0.000 0.000 0.000
102927 0.000 0.000 0.000 0.000
109223 0.000 0.000 0.000 0.000
112391 0.000 0.000 0.000 0.000
115860 0.000 0.000 0.000 0.000
21064 0.000 0.000 0.000 0.000
16355 0.000 0.000 0.000 0.000
102968 0.000 0.000 0.000 0.000
102977 0.000 0.000 0.000 0.000
133434 0.000 0.000 0.000 0.000
126747 0.000 0.000 0.000 0.000
14160 0.000 0.000 0.000 0.000
126829 0.000 0.000 0.000 0.000
