#!ascii label  , from subject  vox2ras=TkReg
200
80014 0.000 0.000 0.000 0.000
11053 0.000 0.000 0.000 0.000
11029 0.000 0.000 0.000 0.000
90567 0.000 0.000 0.000 0.000
87369 0.000 0.000 0.000 0.000
96472 0.000 0.000 0.000 0.000
99676 0.000 0.000 0.000 0.000
82017 0.000 0.000 0.000 0.000
7874 0.000 0.000 0.000 0.000
87377 0.000 0.000 0.000 0.000
12126 0.000 0.000 0.000 0.000
93950 0.000 0.000 0.000 0.000
90664 0.000 0.000 0.000 0.000
5269 0.000 0.000 0.000 0.000
7875 0.000 0.000 0.000 0.000
96285 0.000 0.000 0.000 0.000
90165 0.000 0.000 0.000 0.000
78128 0.000 0.000 0.000 0.000
87368 0.000 0.000 0.000 0.000
99675 0.000 0.000 0.000 0.000
93906 0.000 0.000 0.000 0.000
80015 0.000 0.000 0.000 0.000
4610 0.000 0.000 0.000 0.000
9059 0.000 0.000 0.000 0.000
5257 0.000 0.000 0.000 0.000
99729 0.000 0.000 0.000 0.000
8038 0.000 0.000 0.000 0.000
99724 0.000 0.000 0.000 0.000
96467 0.000 0.000 0.000 0.000
90750 0.000 0.000 0.000 0.000
8039 0.000 0.000 0.000 0.000
90662 0.000 0.000 0.000 0.000
80373 0.000 0.000 0.000 0.000
90661 0.000 0.000 0.000 0.000
93905 0.000 0.000 0.000 0.000
103032 0.000 0.000 0.000 0.000
80016 0.000 0.000 0.000 0.000
84847 0.000 0.000 0.000 0.000
12127 0.000 0.000 0.000 0.000
93952 0.000 0.000 0.000 0.000
102984 0.000 0.000 0.000 0.000
96368 0.000 0.000 0.000 0.000
6959 0.000 0.000 0.000 0.000
93815 0.000 0.000 0.000 0.000
11054 0.000 0.000 0.000 0.000
84845 0.000 0.000 0.000 0.000
76576 0.000 0.000 0.000 0.000
80374 0.000 0.000 0.000 0.000
87382 0.000 0.000 0.000 0.000
9103 0.000 0.000 0.000 0.000
96461 0.000 0.000 0.000 0.000
102923 0.000 0.000 0.000 0.000
11007 0.000 0.000 0.000 0.000
80020 0.000 0.000 0.000 0.000
80017 0.000 0.000 0.000 0.000
84850 0.000 0.000 0.000 0.000
96466 0.000 0.000 0.000 0.000
96471 0.000 0.000 0.000 0.000
87371 0.000 0.000 0.000 0.000
80018 0.000 0.000 0.000 0.000
93909 0.000 0.000 0.000 0.000
9951 0.000 0.000 0.000 0.000
96284 0.000 0.000 0.000 0.000
93907 0.000 0.000 0.000 0.000
82018 0.000 0.000 0.000 0.000
99718 0.000 0.000 0.000 0.000
6167 0.000 0.000 0.000 0.000
87375 0.000 0.000 0.000 0.000
80375 0.000 0.000 0.000 0.000
96463 0.000 0.000 0.000 0.000
90166 0.000 0.000 0.000 0.000
99671 0.000 0.000 0.000 0.000
87366 0.000 0.000 0.000 0.000
96349 0.000 0.000 0.000 0.000
103029 0.000 0.000 0.000 0.000
84848 0.000 0.000 0.000 0.000
103022 0.000 0.000 0.000 0.000
9084 0.000 0.000 0.000 0.000
90753 0.000 0.000 0.000 0.000
76650 0.000 0.000 0.000 0.000
5392 0.000 0.000 0.000 0.000
80371 0.000 0.000 0.000 0.000
9952 0.000 0.000 0.000 0.000
76616 0.000 0.000 0.000 0.000
93822 0.000 0.000 0.000 0.000
12128 0.000 0.000 0.000 0.000
99716 0.000 0.000 0.000 0.000
99721 0.000 0.000 0.000 0.000
96362 0.000 0.000 0.000 0.000
6166 0.000 0.000 0.000 0.000
87841 0.000 0.000 0.000 0.000
84813 0.000 0.000 0.000 0.000
90668 0.000 0.000 0.000 0.000
102966 0.000 0.000 0.000 0.000
93394 0.000 0.000 0.000 0.000
99665 0.000 0.000 0.000 0.000
8013 0.000 0.000 0.000 0.000
9083 0.000 0.000 0.000 0.000
82388 0.000 0.000 0.000 0.000
80021 0.000 0.000 0.000 0.000
76575 0.000 0.000 0.000 0.000
87838 0.000 0.000 0.000 0.000
96462 0.000 0.000 0.000 0.000
93392 0.000 0.000 0.000 0.000
4075 0.000 0.000 0.000 0.000
82019 0.000 0.000 0.000 0.000
76577 0.000 0.000 0.000 0.000
4118 0.000 0.000 0.000 0.000
87461 0.000 0.000 0.000 0.000
6177 0.000 0.000 0.000 0.000
99677 0.000 0.000 0.000 0.000
82391 0.000 0.000 0.000 0.000
93395 0.000 0.000 0.000 0.000
93484 0.000 0.000 0.000 0.000
78459 0.000 0.000 0.000 0.000
99715 0.000 0.000 0.000 0.000
96456 0.000 0.000 0.000 0.000
7895 0.000 0.000 0.000 0.000
87379 0.000 0.000 0.000 0.000
11006 0.000 0.000 0.000 0.000
8011 0.000 0.000 0.000 0.000
87880 0.000 0.000 0.000 0.000
12145 0.000 0.000 0.000 0.000
96364 0.000 0.000 0.000 0.000
99673 0.000 0.000 0.000 0.000
87881 0.000 0.000 0.000 0.000
87519 0.000 0.000 0.000 0.000
96358 0.000 0.000 0.000 0.000
78458 0.000 0.000 0.000 0.000
82389 0.000 0.000 0.000 0.000
99722 0.000 0.000 0.000 0.000
4106 0.000 0.000 0.000 0.000
84851 0.000 0.000 0.000 0.000
4092 0.000 0.000 0.000 0.000
82387 0.000 0.000 0.000 0.000
87842 0.000 0.000 0.000 0.000
78461 0.000 0.000 0.000 0.000
80370 0.000 0.000 0.000 0.000
72722 0.000 0.000 0.000 0.000
96465 0.000 0.000 0.000 0.000
3501 0.000 0.000 0.000 0.000
80336 0.000 0.000 0.000 0.000
12109 0.000 0.000 0.000 0.000
99725 0.000 0.000 0.000 0.000
99720 0.000 0.000 0.000 0.000
99606 0.000 0.000 0.000 0.000
11023 0.000 0.000 0.000 0.000
87836 0.000 0.000 0.000 0.000
93821 0.000 0.000 0.000 0.000
102970 0.000 0.000 0.000 0.000
87840 0.000 0.000 0.000 0.000
8012 0.000 0.000 0.000 0.000
103017 0.000 0.000 0.000 0.000
84849 0.000 0.000 0.000 0.000
102921 0.000 0.000 0.000 0.000
87843 0.000 0.000 0.000 0.000
78419 0.000 0.000 0.000 0.000
7896 0.000 0.000 0.000 0.000
96286 0.000 0.000 0.000 0.000
82390 0.000 0.000 0.000 0.000
93951 0.000 0.000 0.000 0.000
90663 0.000 0.000 0.000 0.000
99672 0.000 0.000 0.000 0.000
80338 0.000 0.000 0.000 0.000
4609 0.000 0.000 0.000 0.000
6958 0.000 0.000 0.000 0.000
99806 0.000 0.000 0.000 0.000
87846 0.000 0.000 0.000 0.000
2868 0.000 0.000 0.000 0.000
93908 0.000 0.000 0.000 0.000
103023 0.000 0.000 0.000 0.000
17557 0.000 0.000 0.000 0.000
11027 0.000 0.000 0.000 0.000
12140 0.000 0.000 0.000 0.000
78462 0.000 0.000 0.000 0.000
4726 0.000 0.000 0.000 0.000
7108 0.000 0.000 0.000 0.000
11052 0.000 0.000 0.000 0.000
99726 0.000 0.000 0.000 0.000
80019 0.000 0.000 0.000 0.000
96363 0.000 0.000 0.000 0.000
78418 0.000 0.000 0.000 0.000
119582 0.000 0.000 0.000 0.000
90565 0.000 0.000 0.000 0.000
9920 0.000 0.000 0.000 0.000
87520 0.000 0.000 0.000 0.000
4715 0.000 0.000 0.000 0.000
99667 0.000 0.000 0.000 0.000
12142 0.000 0.000 0.000 0.000
93535 0.000 0.000 0.000 0.000
96464 0.000 0.000 0.000 0.000
79990 0.000 0.000 0.000 0.000
6168 0.000 0.000 0.000 0.000
106151 0.000 0.000 0.000 0.000
4725 0.000 0.000 0.000 0.000
9104 0.000 0.000 0.000 0.000
4601 0.000 0.000 0.000 0.000
12124 0.000 0.000 0.000 0.000
80022 0.000 0.000 0.000 0.000
96351 0.000 0.000 0.000 0.000
