#!ascii label  , from subject  vox2ras=TkReg
181
13172 0.000 0.000 0.000 0.000
103031 0.000 0.000 0.000 0.000
103030 0.000 0.000 0.000 0.000
112464 0.000 0.000 0.000 0.000
103025 0.000 0.000 0.000 0.000
10943 0.000 0.000 0.000 0.000
99424 0.000 0.000 0.000 0.000
102976 0.000 0.000 0.000 0.000
96118 0.000 0.000 0.000 0.000
13173 0.000 0.000 0.000 0.000
102978 0.000 0.000 0.000 0.000
106181 0.000 0.000 0.000 0.000
102972 0.000 0.000 0.000 0.000
109253 0.000 0.000 0.000 0.000
106177 0.000 0.000 0.000 0.000
103026 0.000 0.000 0.000 0.000
14192 0.000 0.000 0.000 0.000
103027 0.000 0.000 0.000 0.000
13171 0.000 0.000 0.000 0.000
96039 0.000 0.000 0.000 0.000
109214 0.000 0.000 0.000 0.000
12124 0.000 0.000 0.000 0.000
96038 0.000 0.000 0.000 0.000
109252 0.000 0.000 0.000 0.000
14153 0.000 0.000 0.000 0.000
109256 0.000 0.000 0.000 0.000
12106 0.000 0.000 0.000 0.000
14193 0.000 0.000 0.000 0.000
109182 0.000 0.000 0.000 0.000
106120 0.000 0.000 0.000 0.000
96037 0.000 0.000 0.000 0.000
106173 0.000 0.000 0.000 0.000
106182 0.000 0.000 0.000 0.000
106179 0.000 0.000 0.000 0.000
106125 0.000 0.000 0.000 0.000
106175 0.000 0.000 0.000 0.000
102977 0.000 0.000 0.000 0.000
106170 0.000 0.000 0.000 0.000
102968 0.000 0.000 0.000 0.000
109211 0.000 0.000 0.000 0.000
103021 0.000 0.000 0.000 0.000
103024 0.000 0.000 0.000 0.000
109173 0.000 0.000 0.000 0.000
106152 0.000 0.000 0.000 0.000
13159 0.000 0.000 0.000 0.000
106155 0.000 0.000 0.000 0.000
109264 0.000 0.000 0.000 0.000
109184 0.000 0.000 0.000 0.000
109178 0.000 0.000 0.000 0.000
109179 0.000 0.000 0.000 0.000
106171 0.000 0.000 0.000 0.000
106160 0.000 0.000 0.000 0.000
102973 0.000 0.000 0.000 0.000
106113 0.000 0.000 0.000 0.000
106172 0.000 0.000 0.000 0.000
106180 0.000 0.000 0.000 0.000
109216 0.000 0.000 0.000 0.000
14173 0.000 0.000 0.000 0.000
109265 0.000 0.000 0.000 0.000
106114 0.000 0.000 0.000 0.000
102975 0.000 0.000 0.000 0.000
109261 0.000 0.000 0.000 0.000
109177 0.000 0.000 0.000 0.000
106098 0.000 0.000 0.000 0.000
106102 0.000 0.000 0.000 0.000
15251 0.000 0.000 0.000 0.000
106119 0.000 0.000 0.000 0.000
13134 0.000 0.000 0.000 0.000
103017 0.000 0.000 0.000 0.000
15252 0.000 0.000 0.000 0.000
14174 0.000 0.000 0.000 0.000
109262 0.000 0.000 0.000 0.000
87920 0.000 0.000 0.000 0.000
109251 0.000 0.000 0.000 0.000
90663 0.000 0.000 0.000 0.000
14180 0.000 0.000 0.000 0.000
13160 0.000 0.000 0.000 0.000
106118 0.000 0.000 0.000 0.000
10928 0.000 0.000 0.000 0.000
109183 0.000 0.000 0.000 0.000
102983 0.000 0.000 0.000 0.000
109201 0.000 0.000 0.000 0.000
14190 0.000 0.000 0.000 0.000
12125 0.000 0.000 0.000 0.000
106178 0.000 0.000 0.000 0.000
109205 0.000 0.000 0.000 0.000
14154 0.000 0.000 0.000 0.000
15248 0.000 0.000 0.000 0.000
14179 0.000 0.000 0.000 0.000
109248 0.000 0.000 0.000 0.000
106122 0.000 0.000 0.000 0.000
9835 0.000 0.000 0.000 0.000
90661 0.000 0.000 0.000 0.000
106162 0.000 0.000 0.000 0.000
13137 0.000 0.000 0.000 0.000
106128 0.000 0.000 0.000 0.000
109203 0.000 0.000 0.000 0.000
106169 0.000 0.000 0.000 0.000
106176 0.000 0.000 0.000 0.000
102967 0.000 0.000 0.000 0.000
87882 0.000 0.000 0.000 0.000
109259 0.000 0.000 0.000 0.000
14177 0.000 0.000 0.000 0.000
106100 0.000 0.000 0.000 0.000
106116 0.000 0.000 0.000 0.000
8065 0.000 0.000 0.000 0.000
87881 0.000 0.000 0.000 0.000
106099 0.000 0.000 0.000 0.000
96030 0.000 0.000 0.000 0.000
14189 0.000 0.000 0.000 0.000
103023 0.000 0.000 0.000 0.000
106127 0.000 0.000 0.000 0.000
106095 0.000 0.000 0.000 0.000
109171 0.000 0.000 0.000 0.000
106129 0.000 0.000 0.000 0.000
109212 0.000 0.000 0.000 0.000
102969 0.000 0.000 0.000 0.000
109254 0.000 0.000 0.000 0.000
106123 0.000 0.000 0.000 0.000
106094 0.000 0.000 0.000 0.000
106115 0.000 0.000 0.000 0.000
109180 0.000 0.000 0.000 0.000
13153 0.000 0.000 0.000 0.000
13158 0.000 0.000 0.000 0.000
103022 0.000 0.000 0.000 0.000
106121 0.000 0.000 0.000 0.000
106158 0.000 0.000 0.000 0.000
106093 0.000 0.000 0.000 0.000
96034 0.000 0.000 0.000 0.000
102923 0.000 0.000 0.000 0.000
14182 0.000 0.000 0.000 0.000
9059 0.000 0.000 0.000 0.000
106167 0.000 0.000 0.000 0.000
14191 0.000 0.000 0.000 0.000
8064 0.000 0.000 0.000 0.000
13156 0.000 0.000 0.000 0.000
90670 0.000 0.000 0.000 0.000
112463 0.000 0.000 0.000 0.000
106164 0.000 0.000 0.000 0.000
106110 0.000 0.000 0.000 0.000
90662 0.000 0.000 0.000 0.000
90665 0.000 0.000 0.000 0.000
106166 0.000 0.000 0.000 0.000
109249 0.000 0.000 0.000 0.000
14176 0.000 0.000 0.000 0.000
109185 0.000 0.000 0.000 0.000
99790 0.000 0.000 0.000 0.000
93091 0.000 0.000 0.000 0.000
90742 0.000 0.000 0.000 0.000
106151 0.000 0.000 0.000 0.000
109181 0.000 0.000 0.000 0.000
14172 0.000 0.000 0.000 0.000
109255 0.000 0.000 0.000 0.000
13136 0.000 0.000 0.000 0.000
93715 0.000 0.000 0.000 0.000
90664 0.000 0.000 0.000 0.000
102922 0.000 0.000 0.000 0.000
15225 0.000 0.000 0.000 0.000
106161 0.000 0.000 0.000 0.000
103019 0.000 0.000 0.000 0.000
106091 0.000 0.000 0.000 0.000
109257 0.000 0.000 0.000 0.000
87919 0.000 0.000 0.000 0.000
14158 0.000 0.000 0.000 0.000
109222 0.000 0.000 0.000 0.000
13155 0.000 0.000 0.000 0.000
109228 0.000 0.000 0.000 0.000
12123 0.000 0.000 0.000 0.000
106104 0.000 0.000 0.000 0.000
112462 0.000 0.000 0.000 0.000
102984 0.000 0.000 0.000 0.000
103020 0.000 0.000 0.000 0.000
10058 0.000 0.000 0.000 0.000
93092 0.000 0.000 0.000 0.000
106096 0.000 0.000 0.000 0.000
109206 0.000 0.000 0.000 0.000
99789 0.000 0.000 0.000 0.000
13135 0.000 0.000 0.000 0.000
106131 0.000 0.000 0.000 0.000
106154 0.000 0.000 0.000 0.000
14181 0.000 0.000 0.000 0.000
