#!ascii label  , from subject  vox2ras=TkReg
200
103025 0.000 0.000 0.000 0.000
12124 0.000 0.000 0.000 0.000
90166 0.000 0.000 0.000 0.000
90165 0.000 0.000 0.000 0.000
103024 0.000 0.000 0.000 0.000
103021 0.000 0.000 0.000 0.000
87377 0.000 0.000 0.000 0.000
103022 0.000 0.000 0.000 0.000
11048 0.000 0.000 0.000 0.000
103030 0.000 0.000 0.000 0.000
90160 0.000 0.000 0.000 0.000
87382 0.000 0.000 0.000 0.000
102978 0.000 0.000 0.000 0.000
93175 0.000 0.000 0.000 0.000
14174 0.000 0.000 0.000 0.000
82021 0.000 0.000 0.000 0.000
13172 0.000 0.000 0.000 0.000
103017 0.000 0.000 0.000 0.000
12125 0.000 0.000 0.000 0.000
103027 0.000 0.000 0.000 0.000
87313 0.000 0.000 0.000 0.000
82049 0.000 0.000 0.000 0.000
102968 0.000 0.000 0.000 0.000
7876 0.000 0.000 0.000 0.000
99782 0.000 0.000 0.000 0.000
96460 0.000 0.000 0.000 0.000
103019 0.000 0.000 0.000 0.000
109179 0.000 0.000 0.000 0.000
99785 0.000 0.000 0.000 0.000
106100 0.000 0.000 0.000 0.000
109184 0.000 0.000 0.000 0.000
103023 0.000 0.000 0.000 0.000
87369 0.000 0.000 0.000 0.000
93177 0.000 0.000 0.000 0.000
99796 0.000 0.000 0.000 0.000
102976 0.000 0.000 0.000 0.000
82046 0.000 0.000 0.000 0.000
96456 0.000 0.000 0.000 0.000
82048 0.000 0.000 0.000 0.000
109180 0.000 0.000 0.000 0.000
109177 0.000 0.000 0.000 0.000
87461 0.000 0.000 0.000 0.000
84511 0.000 0.000 0.000 0.000
7874 0.000 0.000 0.000 0.000
99790 0.000 0.000 0.000 0.000
109178 0.000 0.000 0.000 0.000
103031 0.000 0.000 0.000 0.000
99786 0.000 0.000 0.000 0.000
14154 0.000 0.000 0.000 0.000
102972 0.000 0.000 0.000 0.000
102977 0.000 0.000 0.000 0.000
99788 0.000 0.000 0.000 0.000
5270 0.000 0.000 0.000 0.000
109181 0.000 0.000 0.000 0.000
87379 0.000 0.000 0.000 0.000
12142 0.000 0.000 0.000 0.000
102966 0.000 0.000 0.000 0.000
14153 0.000 0.000 0.000 0.000
84512 0.000 0.000 0.000 0.000
109183 0.000 0.000 0.000 0.000
99783 0.000 0.000 0.000 0.000
103026 0.000 0.000 0.000 0.000
93389 0.000 0.000 0.000 0.000
96457 0.000 0.000 0.000 0.000
12106 0.000 0.000 0.000 0.000
5283 0.000 0.000 0.000 0.000
12123 0.000 0.000 0.000 0.000
13159 0.000 0.000 0.000 0.000
12127 0.000 0.000 0.000 0.000
102969 0.000 0.000 0.000 0.000
9920 0.000 0.000 0.000 0.000
106104 0.000 0.000 0.000 0.000
82050 0.000 0.000 0.000 0.000
7875 0.000 0.000 0.000 0.000
93152 0.000 0.000 0.000 0.000
7896 0.000 0.000 0.000 0.000
15248 0.000 0.000 0.000 0.000
11077 0.000 0.000 0.000 0.000
93181 0.000 0.000 0.000 0.000
93146 0.000 0.000 0.000 0.000
109248 0.000 0.000 0.000 0.000
106099 0.000 0.000 0.000 0.000
8852 0.000 0.000 0.000 0.000
87378 0.000 0.000 0.000 0.000
93155 0.000 0.000 0.000 0.000
11049 0.000 0.000 0.000 0.000
82019 0.000 0.000 0.000 0.000
109185 0.000 0.000 0.000 0.000
99675 0.000 0.000 0.000 0.000
82024 0.000 0.000 0.000 0.000
13173 0.000 0.000 0.000 0.000
102973 0.000 0.000 0.000 0.000
106098 0.000 0.000 0.000 0.000
6960 0.000 0.000 0.000 0.000
106151 0.000 0.000 0.000 0.000
93395 0.000 0.000 0.000 0.000
8841 0.000 0.000 0.000 0.000
99717 0.000 0.000 0.000 0.000
109182 0.000 0.000 0.000 0.000
93396 0.000 0.000 0.000 0.000
102984 0.000 0.000 0.000 0.000
6051 0.000 0.000 0.000 0.000
15225 0.000 0.000 0.000 0.000
8944 0.000 0.000 0.000 0.000
90116 0.000 0.000 0.000 0.000
93143 0.000 0.000 0.000 0.000
99673 0.000 0.000 0.000 0.000
96454 0.000 0.000 0.000 0.000
13171 0.000 0.000 0.000 0.000
106181 0.000 0.000 0.000 0.000
106106 0.000 0.000 0.000 0.000
103028 0.000 0.000 0.000 0.000
96467 0.000 0.000 0.000 0.000
93183 0.000 0.000 0.000 0.000
87312 0.000 0.000 0.000 0.000
93397 0.000 0.000 0.000 0.000
99729 0.000 0.000 0.000 0.000
102970 0.000 0.000 0.000 0.000
93090 0.000 0.000 0.000 0.000
8850 0.000 0.000 0.000 0.000
99715 0.000 0.000 0.000 0.000
99789 0.000 0.000 0.000 0.000
96285 0.000 0.000 0.000 0.000
93182 0.000 0.000 0.000 0.000
93144 0.000 0.000 0.000 0.000
93388 0.000 0.000 0.000 0.000
90161 0.000 0.000 0.000 0.000
87375 0.000 0.000 0.000 0.000
8851 0.000 0.000 0.000 0.000
93176 0.000 0.000 0.000 0.000
93394 0.000 0.000 0.000 0.000
5259 0.000 0.000 0.000 0.000
96286 0.000 0.000 0.000 0.000
93153 0.000 0.000 0.000 0.000
96458 0.000 0.000 0.000 0.000
82020 0.000 0.000 0.000 0.000
102967 0.000 0.000 0.000 0.000
99676 0.000 0.000 0.000 0.000
11006 0.000 0.000 0.000 0.000
93089 0.000 0.000 0.000 0.000
106123 0.000 0.000 0.000 0.000
106095 0.000 0.000 0.000 0.000
106182 0.000 0.000 0.000 0.000
99667 0.000 0.000 0.000 0.000
82051 0.000 0.000 0.000 0.000
11029 0.000 0.000 0.000 0.000
12109 0.000 0.000 0.000 0.000
3398 0.000 0.000 0.000 0.000
93519 0.000 0.000 0.000 0.000
13152 0.000 0.000 0.000 0.000
102964 0.000 0.000 0.000 0.000
99780 0.000 0.000 0.000 0.000
99704 0.000 0.000 0.000 0.000
7895 0.000 0.000 0.000 0.000
76281 0.000 0.000 0.000 0.000
99720 0.000 0.000 0.000 0.000
5269 0.000 0.000 0.000 0.000
96118 0.000 0.000 0.000 0.000
93184 0.000 0.000 0.000 0.000
13134 0.000 0.000 0.000 0.000
6959 0.000 0.000 0.000 0.000
8913 0.000 0.000 0.000 0.000
106152 0.000 0.000 0.000 0.000
96277 0.000 0.000 0.000 0.000
103016 0.000 0.000 0.000 0.000
93154 0.000 0.000 0.000 0.000
8853 0.000 0.000 0.000 0.000
81988 0.000 0.000 0.000 0.000
93151 0.000 0.000 0.000 0.000
93095 0.000 0.000 0.000 0.000
9950 0.000 0.000 0.000 0.000
109173 0.000 0.000 0.000 0.000
93086 0.000 0.000 0.000 0.000
99784 0.000 0.000 0.000 0.000
103029 0.000 0.000 0.000 0.000
106097 0.000 0.000 0.000 0.000
102963 0.000 0.000 0.000 0.000
99703 0.000 0.000 0.000 0.000
10928 0.000 0.000 0.000 0.000
93398 0.000 0.000 0.000 0.000
11025 0.000 0.000 0.000 0.000
96453 0.000 0.000 0.000 0.000
99794 0.000 0.000 0.000 0.000
106101 0.000 0.000 0.000 0.000
12141 0.000 0.000 0.000 0.000
93147 0.000 0.000 0.000 0.000
99662 0.000 0.000 0.000 0.000
99719 0.000 0.000 0.000 0.000
102975 0.000 0.000 0.000 0.000
106154 0.000 0.000 0.000 0.000
90167 0.000 0.000 0.000 0.000
96038 0.000 0.000 0.000 0.000
106102 0.000 0.000 0.000 0.000
6961 0.000 0.000 0.000 0.000
93150 0.000 0.000 0.000 0.000
106096 0.000 0.000 0.000 0.000
90114 0.000 0.000 0.000 0.000
8862 0.000 0.000 0.000 0.000
96367 0.000 0.000 0.000 0.000
8842 0.000 0.000 0.000 0.000
