#!ascii label  , from subject freesurfer vox2ras=TkReg coords=white
7412  -12.089  -83.434  5.050 -1.3270419836
3613  -10.726  -87.107  9.142 -0.6658592820
15271  -20.582  -78.658  5.875 0.3082424104
6522  -14.040  -84.226  6.230 3.9416587353
6484  -11.712  -84.211  7.477 4.9125857353
7427  -14.989  -83.351  4.089 1.7050071955
4329  -19.607  -86.793  4.895 9.6645526886
6544  -23.526  -84.457  5.453 1.0192842484
4161  -12.005  -86.565  12.761 -0.0823237821
3575  -19.119  -87.380  11.322 13.9023656845
7472  -19.115  -83.063  1.802 0.5409317613
14157  -13.717  -78.290  4.868 8.4143075943
6502  -13.593  -83.924  6.892 4.8711767197
7426  -14.169  -83.273  3.983 0.7071463466
15262  -12.156  -77.041  4.363 0.2424076945
6618  -19.102  -83.534  2.238 6.6243119240
4963  -11.264  -85.572  7.185 17.5810947418
21319  -14.974  -75.216  0.433 -1.3059033155
3010  -14.745  -88.049  10.769 7.0858626366
4269  -19.023  -86.579  6.454 2.7075715065
20033  -14.920  -75.438  0.270 1.5175870657
11928  -15.057  -80.228  7.043 2.4121637344
4964  -19.322  -85.924  6.607 15.3277320862
9000  -21.546  -82.309  1.539 0.2620240152
10885  -14.871  -80.667  6.691 7.4410686493
14156  -13.390  -78.290  5.140 17.3905200958
15263  -12.154  -77.241  4.658 0.2667773962
5021  -20.577  -86.341  4.566 9.7448959351
4362  -20.249  -87.060  3.420 21.1056919098
10884  -14.307  -81.265  6.431 3.2347331047
9839  -13.166  -81.813  6.002 10.3790168762
6630  -19.392  -83.181  1.884 3.2013156414
15247  -12.037  -77.673  5.568 -0.0935952365
4244  -12.141  -86.142  8.446 4.3340978622
7487  -19.447  -82.785  1.528 0.1694086939
9840  -13.938  -81.597  5.974 2.3312087059
6472  -13.409  -84.021  8.091 10.8642625809
6566  -11.688  -83.372  4.880 -0.0775953233
7406  -24.035  -84.060  4.928 -0.0597741045
7442  -14.083  -83.432  3.914 2.7997584343
10905  -14.370  -81.379  6.060 5.0876126289
9801  -24.949  -81.447  7.453 -0.4605088234
8140  -9.680  -83.472  5.994 2.1748931408
8110  -10.069  -83.467  7.203 4.2942409515
4879  -15.449  -86.071  11.389 0.7116201520
3594  -19.456  -87.772  10.449 1.0665477514
4252  -11.741  -86.121  7.886 7.9202475548
4194  -16.220  -86.630  11.675 0.8098642826
7413  -18.421  -83.534  3.924 10.5567464828
4172  -17.750  -86.446  12.131 33.7140197754
15255  -20.799  -78.436  6.426 1.3077210188
5775  -10.302  -84.468  5.124 3.5121231079
5002  -20.042  -86.050  5.427 27.4939270020
11016  -16.374  -79.898  0.661 1.7654912472
14142  -13.632  -78.132  5.510 14.4625768661
10871  -26.287  -80.874  7.251 1.7523825169
6485  -12.036  -84.023  7.464 4.0183382034
3009  -10.915  -87.876  11.157 0.8059686422
4170  -12.221  -86.340  12.140 -1.8561984301
5794  -17.638  -84.484  3.360 2.3590826988
6570  -18.401  -83.867  3.685 17.5801258087
3036  -14.001  -87.724  9.632 12.3782920837
4219  -14.619  -86.797  10.944 10.8186759949
7409  -9.751  -83.785  4.689 4.1703505516
4235  -12.330  -85.889  8.888 6.6541485786
8864  -24.109  -82.191  8.290 11.6751594543
6584  -13.363  -83.735  4.134 0.6704794168
6503  -14.068  -84.147  6.621 6.8989033699
7365  -9.412  -84.076  5.751 1.4287005663
7336  -9.957  -84.029  7.330 0.3017501235
6580  -10.554  -83.447  4.658 5.7394299507
4348  -19.929  -86.977  4.137 18.4626808167
7429  -16.467  -83.147  3.804 19.2740783691
7337  -13.045  -83.796  7.177 3.7238292694
6487  -13.243  -83.882  7.439 4.3196520805
6468  -10.192  -84.541  7.760 0.9676755667
10003  -21.729  -81.617  1.352 -0.0795230344
12039  -16.193  -79.211  0.292 15.6149520874
3574  -18.090  -87.276  11.695 14.3011856079
13175  -15.768  -78.281  0.231 10.6606788635
12053  -17.298  -79.234  -0.145 10.9744253159
17731  -13.329  -76.035  1.868 3.9450197220
17732  -13.636  -76.129  1.468 1.1136732101
4361  -16.267  -84.802  3.968 0.9574529529
9733  -12.985  -82.263  9.443 4.4087133408
9748  -12.678  -82.256  9.056 1.2046613693
6599  -14.270  -83.656  3.945 7.1881380081
4192  -15.054  -87.223  11.291 14.0333051682
8241  -19.990  -82.526  1.095 0.5981166363
3602  -11.094  -87.024  9.715 0.1149195135
8256  -19.975  -82.090  0.792 3.7843883038
9723  -24.212  -81.270  10.893 6.8716835976
3604  -13.741  -87.140  9.763 15.3030910492
10896  -26.410  -81.015  6.850 1.5298621655
4949  -11.681  -85.763  8.149 5.9085950851
18875  -15.896  -75.812  0.025 3.0021157265
4225  -11.212  -86.567  9.528 0.4022915959
9830  -25.473  -81.463  6.599 -0.5474901199
4947  -10.120  -85.486  7.421 -0.7728393078
6562  -9.621  -84.301  4.912 3.4487156868
6455  -13.017  -84.219  8.558 5.7203469276
3556  -18.432  -86.938  11.926 42.9169120789
4217  -11.617  -86.519  10.137 -0.3141713440
6501  -12.652  -83.771  7.041 3.7189347744
6547  -9.307  -84.444  5.236 0.4098692536
9818  -12.279  -82.027  6.629 14.1927709579
4913  -11.688  -85.739  9.695 0.6432191133
8911  -10.116  -82.872  5.460 2.7496132851
8123  -9.741  -83.459  6.331 2.8011345863
9738  -24.155  -81.500  10.435 6.4529247284
16488  -11.802  -76.353  3.922 -0.4102303088
5667  -15.268  -83.938  8.924 8.5632085800
4251  -11.433  -85.873  7.604 13.1110963821
8257  -20.428  -82.357  0.775 5.7235231400
12041  -17.416  -79.719  0.108 15.3529453278
16467  -12.329  -77.230  5.434 -0.4986143410
3570  -14.875  -87.606  11.056 12.1308212280
16448  -19.944  -77.864  6.456 0.4762689769
6457  -14.020  -84.219  8.888 15.7127819061
5649  -11.563  -85.318  9.335 1.1609706879
3591  -11.268  -87.051  10.124 -0.0580497496
5662  -12.392  -84.767  8.796 3.2421853542
6469  -11.777  -84.325  7.714 6.0726399422
8116  -24.157  -82.526  7.239 0.7236922979
3569  -11.699  -87.009  11.288 0.6227764487
6456  -13.469  -84.258  8.783 12.4684572220
4234  -11.036  -86.500  9.196 0.6689395308
4195  -17.107  -86.497  11.893 8.7737894058
6598  -13.669  -83.675  4.011 -0.4406861961
5773  -9.769  -84.755  5.006 1.0487345457
10845  -25.005  -81.155  8.115 0.0835174695
8104  -23.589  -82.793  8.230 5.9836335182
4218  -13.960  -86.521  10.357 7.8865671158
5663  -12.866  -84.698  9.054 10.9802532196
7332  -22.037  -83.845  7.819 0.5662235022
9781  -24.750  -81.491  7.782 0.2599780858
5677  -10.193  -84.924  7.794 0.4522739053
3592  -14.107  -87.149  10.375 16.9391708374
5665  -14.236  -84.349  9.282 15.6178379059
6471  -12.746  -84.106  8.078 4.5232319832
4933  -10.328  -85.311  7.926 -0.2527439892
4191  -11.777  -86.624  10.734 0.1418145001
4171  -17.198  -86.142  12.081 16.0397014618
4914  -12.703  -85.239  9.279 11.5606184006
6565  -10.822  -83.775  5.115 -0.2693226337
8903  -10.763  -82.524  6.154 6.5805783272
4902  -14.253  -85.994  10.640 2.8197154999
4226  -12.624  -85.751  9.209 9.6409873962
4948  -11.535  -85.443  7.906 7.5138964653
7356  -23.573  -83.744  6.578 0.2965474129
4227  -13.025  -86.175  9.423 6.7581887245
5666  -14.745  -84.150  8.873 6.9741992950
6516  -9.460  -84.465  5.961 0.7342024446
3554  -11.546  -87.287  11.800 0.9251579642
6585  -14.250  -83.484  3.940 4.3535265923
5654  -15.031  -84.293  9.775 19.2927665710
12044  -20.862  -80.808  0.233 -0.6686533093
6454  -10.856  -84.726  8.378 0.2282010764
3555  -17.986  -86.900  11.978 38.5184326172
9796  -12.723  -81.907  7.334 4.4074325562
4923  -12.150  -85.003  8.694 3.4041090012
4243  -11.812  -85.912  8.255 6.2837419510
5650  -12.908  -85.046  9.395 11.9664592743
6440  -11.849  -84.490  9.327 1.2346385717
4903  -14.802  -85.793  10.953 0.2032691240
6486  -12.647  -83.875  7.392 3.5101048946
4901  -13.836  -85.673  10.216 10.9773979187
5664  -13.296  -84.526  9.203 12.0633344650
4242  -10.470  -86.430  8.076 0.8192139864
17657  -12.539  -76.804  5.138 -2.0549972057
6441  -13.637  -84.483  9.291 13.0079193115
4935  -11.881  -85.403  8.415 4.5539450645
7346  -9.687  -83.821  6.571 1.3246438503
4347  -16.155  -84.788  4.138 1.6683948040
5639  -14.873  -84.923  10.501 20.8382778168
6558  -23.941  -84.328  4.440 0.7528458834
4915  -12.944  -85.446  9.495 11.2066526413
4900  -11.737  -86.119  10.035 -0.0504000373
5793  -17.097  -84.672  3.413 -1.0853401423
4934  -11.632  -85.206  8.176 5.8980369568
5651  -13.245  -84.915  9.490 12.0746526718
5661  -10.841  -85.232  8.490 0.4848732054
12040  -16.824  -79.520  0.210 14.6556396484
5679  -12.196  -84.626  8.406 2.5048341751
7343  -22.998  -83.728  7.265 0.9832502007
6470  -12.158  -84.226  7.880 6.3132224083
5637  -13.945  -85.239  10.209 15.5680274963
5636  -12.302  -85.068  10.225 0.1504743993
5678  -11.746  -84.811  8.044 6.6564202309
4922  -11.027  -86.039  8.985 2.4428634644
5652  -13.862  -84.899  9.808 11.0739850998
6563  -9.893  -84.059  4.757 2.5334877968
5653  -14.487  -84.576  9.814 23.4154396057
5638  -14.264  -85.258  10.374 16.9601287842
8893  -24.961  -81.887  6.655 -0.2633053660
8888  -10.644  -82.789  6.790 6.0816187859
9795  -12.014  -82.176  7.182 6.2892255783
8902  -10.272  -82.913  6.252 12.1411533356
6564  -10.222  -83.990  4.872 5.4701423645
5774  -10.034  -84.644  5.024 5.3863782883
