#!ascii label  , from subject freesurfer vox2ras=TkReg coords=white
4130  9.809  -84.484  7.444 8.4794082642
8011  13.533  -81.864  8.722 76.5381774902
10332  15.183  -80.265  -1.551 0.0119337551
13396  10.911  -77.916  5.365 -0.6067478061
9150  10.342  -80.906  5.032 9.1391296387
13369  12.940  -77.596  5.803 3.9917275906
465  6.343  -90.123  18.709 -0.0807415545
14494  7.986  -77.109  1.734 -5.9580602646
2908  11.827  -86.217  10.039 -4.5855498314
2238  5.521  -86.927  15.885 4.5171785355
1860  10.370  -87.699  11.981 11.7545471191
2485  10.423  -87.708  2.625 10.8974113464
3511  12.356  -86.082  9.139 2.9364218712
4716  10.239  -84.090  8.885 26.5093955994
3487  11.355  -85.487  10.531 5.2412247658
3474  11.062  -85.748  10.899 7.0710716248
2841  4.732  -85.988  14.655 0.7192145586
9148  15.336  -80.765  4.892 1.8174273968
3464  9.131  -85.656  11.745 20.7606067657
10133  12.203  -79.662  7.365 10.1108837128
3520  12.728  -85.886  8.186 0.9550208449
8041  11.822  -81.601  8.314 28.1071071625
4732  13.737  -84.240  7.659 -9.8577928543
600  11.984  -89.952  3.975 1.2884149551
2393  7.607  -85.955  9.520 7.3398809433
1980  10.227  -88.216  3.532 3.8952744007
1451  9.683  -88.765  12.315 6.6885700226
8039  13.075  -81.260  8.667 36.4004859924
2354  5.620  -85.899  12.429 1.0311492682
10131  14.860  -79.923  6.895 0.5663120747
9158  15.239  -80.802  4.028 3.4712831974
9083  12.468  -80.434  8.092 8.2118997574
11207  14.464  -79.640  7.518 2.6148869991
4733  10.446  -83.784  7.538 23.0867977142
4060  10.725  -85.220  10.764 17.9333381653
8067  11.871  -81.146  7.956 21.2847671509
3510  12.534  -85.815  8.885 8.7303771973
728  6.804  -89.329  17.517 14.8839092255
2314  10.296  -87.449  12.161 12.2420434952
4061  10.122  -85.127  10.810 27.4432277679
3476  9.811  -85.408  11.158 11.3432435989
10132  12.752  -79.369  7.594 10.4605712891
2473  10.319  -87.967  3.058 4.2568302155
4074  10.220  -84.746  10.292 21.8421688080
475  6.471  -90.030  18.227 0.6881575584
6176  11.313  -82.436  8.299 24.8464202881
1862  6.202  -86.340  13.414 2.1160888672
3452  9.414  -85.901  12.061 19.6098098755
1882  11.037  -87.572  10.843 0.1905326992
9084  11.978  -80.534  7.692 19.7267112732
8065  14.358  -80.957  8.028 37.7515449524
1865  5.473  -86.215  13.336 -0.9778531194
2927  7.033  -85.511  10.138 0.0919534415
3475  10.565  -85.708  11.160 10.2409524918
4116  13.236  -84.862  7.980 1.5309636593
2252  6.356  -86.811  15.273 16.2084789276
2347  11.190  -86.910  10.834 -2.8295469284
3514  7.116  -85.468  9.590 -0.4515973032
8038  13.809  -81.252  8.414 58.2282752991
1793  7.675  -87.791  15.752 22.4018554688
2892  11.040  -86.217  11.044 0.3175572753
9121  15.117  -80.413  6.523 0.9712617397
3463  9.599  -85.689  11.657 14.7740907669
11208  14.216  -79.535  7.603 2.9804542065
1006  5.597  -88.961  18.687 3.0704925060
1031  7.686  -89.229  16.383 9.1852874756
2866  10.232  -87.018  12.190 14.8515357971
4118  9.856  -84.398  8.299 21.6640720367
8013  12.562  -81.823  8.973 42.4114227295
9103  12.185  -80.150  7.682 12.9209394455
2251  7.087  -87.036  15.314 22.3509368896
2318  6.441  -86.230  12.895 4.0361676216
3114  14.868  -85.829  -2.348 -0.3552874625
3477  9.075  -85.500  11.176 12.7315273285
1854  5.378  -86.299  13.652 0.1008197963
2898  5.841  -85.771  12.067 0.1453131884
4131  9.465  -84.772  7.816 19.4647960663
10096  13.511  -80.089  8.278 9.5926828384
2307  4.950  -85.957  14.076 0.9311964512
3453  9.032  -85.772  11.998 21.3782463074
3660  16.223  -84.902  -2.786 0.0692829117
1371  4.333  -87.710  18.373 2.5055062771
9059  13.134  -80.510  8.374 12.2252931595
1368  5.410  -88.450  18.264 1.7165521383
1852  5.902  -86.403  13.661 1.3868762255
3462  10.201  -85.957  11.601 9.7592153549
5391  13.595  -83.718  8.362 11.1115865707
4117  12.976  -85.401  7.956 5.0076613426
2321  5.281  -86.074  13.447 0.1672986150
1378  6.684  -88.533  17.187 22.6172180176
2858  8.137  -86.190  12.809 29.5398845673
2896  7.578  -86.081  11.151 13.6379804611
2878  10.293  -86.559  11.931 7.9646296501
1840  5.322  -86.406  14.089 0.6123586893
4092  9.655  -84.721  9.621 33.8375129700
4062  9.726  -85.102  10.782 24.0079917908
3499  12.533  -85.424  9.198 9.8771724701
4724  13.363  -84.277  8.362 7.8537678719
1863  5.954  -86.317  13.311 2.2259685993
8064  14.770  -81.361  7.564 49.1834793091
2870  7.950  -86.022  12.175 36.6460342407
1014  6.172  -88.868  17.943 4.8480820656
2229  3.677  -86.406  17.176 -4.8551149368
14441  10.286  -77.149  4.645 2.0723304749
9102  14.939  -80.521  7.058 10.5622844696
3486  11.820  -85.431  10.143 4.1916322708
9060  12.649  -80.877  8.476 21.3061923981
2964  7.686  -85.820  8.295 2.1256597042
4105  9.917  -84.391  9.139 18.4066028595
1043  8.241  -88.804  15.469 16.3458805084
4091  10.074  -84.439  9.718 18.6994628906
9082  12.821  -80.220  8.214 5.2834029198
1839  5.660  -86.454  13.951 3.8321142197
3503  6.923  -85.324  10.192 -0.1413657516
4104  12.800  -85.019  8.809 9.1476640701
1025  6.000  -88.583  17.844 5.4627175331
4686  11.121  -84.401  10.155 15.4000949860
6166  12.458  -82.848  9.234 32.9622993469
4725  10.483  -83.717  7.966 33.5760078430
4704  10.766  -83.935  9.519 12.1759090424
9058  13.837  -80.410  8.283 8.2738246918
1812  6.318  -86.970  15.685 22.0229072571
10117  12.995  -79.829  7.957 10.6829624176
4072  11.485  -84.898  10.327 14.9226999283
4705  10.256  -84.205  9.461 19.1916084290
1796  5.956  -87.104  16.008 20.9175071716
4685  11.554  -84.550  10.206 13.5022621155
2236  6.923  -87.143  15.677 27.6441097260
4715  10.555  -83.705  8.664 22.3922920227
1400  7.982  -88.277  15.667 20.9449939728
6167  11.583  -82.782  9.058 18.6947460175
2237  6.660  -87.001  15.590 26.8959369659
5379  13.259  -83.807  8.781 23.7171325684
9080  14.696  -80.695  7.593 20.6403808594
4103  13.144  -84.631  8.502 13.2795877457
10116  13.867  -79.908  8.028 9.6370687485
1864  5.662  -86.276  13.306 1.6241810322
9081  14.299  -80.359  7.962 13.2606563568
4090  11.952  -84.882  9.968 10.2966489792
4073  10.906  -84.802  10.425 21.9943637848
8310  17.127  -82.172  -2.600 -0.2245238721
4713  13.069  -84.280  8.854 17.3011760712
1811  7.463  -87.269  15.434 21.1828193665
10115  14.523  -79.985  7.533 5.0499424934
1767  5.410  -87.700  17.238 14.5788402557
1779  5.760  -87.526  16.747 17.7741661072
5381  11.432  -83.209  9.505 5.5423860550
2333  6.887  -86.128  12.157 5.2829756737
3491  6.304  -85.340  11.380 -2.3658239841
4232  16.222  -84.670  -2.785 0.0600050874
10095  13.749  -80.066  8.301 8.1159286499
4854  16.428  -84.171  -2.811 -1.1151620150
4089  12.414  -85.098  9.472 8.9025373459
4075  9.685  -84.942  10.371 29.8307666779
5368  12.434  -83.801  9.577 3.9119343758
5380  12.821  -83.607  9.238 11.5327215195
9260  15.214  -80.914  -1.553 0.1340868622
4714  12.750  -84.233  9.282 3.4968092442
4687  10.519  -84.365  9.982 19.2589073181
1794  7.278  -87.436  15.755 25.8853778839
1389  6.295  -87.999  16.994 29.4714946747
2949  8.025  -86.075  8.220 -0.4084830582
5369  11.842  -83.598  9.732 7.3511986732
998  4.318  -88.391  19.670 2.7281434536
6153  12.168  -83.246  9.507 6.3779993057
4702  12.297  -84.397  9.617 1.1193528175
4703  11.546  -84.156  9.931 7.6415333748
5536  16.291  -83.923  -2.731 -2.1665441990
1382  4.546  -87.716  18.070 1.0023736954
1853  5.627  -86.386  13.659 4.1273198128
1770  4.095  -87.156  17.804 2.9932878017
1379  6.113  -88.327  17.484 11.4653301239
1795  6.648  -87.249  15.941 32.1529426575
1388  6.982  -88.173  16.629 23.9311370850
2367  7.359  -86.050  10.925 2.3518960476
2936  8.194  -85.934  9.023 12.5123586655
1761  4.145  -87.451  18.247 2.7235226631
1387  7.606  -88.622  16.285 19.2088966370
3532  8.820  -85.430  7.832 22.3993225098
1015  5.807  -88.780  18.214 3.2878420353
1778  6.437  -87.602  16.458 24.4968757629
1777  6.976  -87.667  16.223 27.6685619354
3502  8.739  -85.385  9.524 20.5537776947
2380  7.426  -85.922  10.268 5.2582664490
1361  4.257  -87.818  18.729 2.5560381413
4106  9.575  -84.645  8.881 23.8124084473
4132  7.524  -85.185  8.067 0.0328049660
2351  6.931  -86.032  11.642 5.4719209671
4119  9.410  -84.775  8.412 23.3924922943
2368  7.082  -85.901  11.045 2.7280387878
2394  7.335  -85.776  9.705 6.1095037460
2937  7.247  -85.713  9.487 3.0053906441
3533  7.460  -85.435  8.314 6.2659974098
2912  7.772  -86.046  10.555 13.2808876038
2965  7.422  -85.672  8.734 0.7481706142
2381  7.189  -85.763  10.451 4.7474074364
2950  7.292  -85.717  9.278 1.8102227449
3513  8.689  -85.447  8.919 21.1488456726
2926  7.911  -86.008  10.160 11.4970426559
3522  8.814  -85.356  8.450 24.0605373383
