#!ascii label  , from subject  vox2ras=TkReg
53
142200 0.000 0.000 0.000 0.000
138858 0.000 0.000 0.000 0.000
117447 0.000 0.000 0.000 0.000
113306 0.000 0.000 0.000 0.000
117448 0.000 0.000 0.000 0.000
110883 0.000 0.000 0.000 0.000
124706 0.000 0.000 0.000 0.000
113301 0.000 0.000 0.000 0.000
120317 0.000 0.000 0.000 0.000
120318 0.000 0.000 0.000 0.000
124155 0.000 0.000 0.000 0.000
116705 0.000 0.000 0.000 0.000
142201 0.000 0.000 0.000 0.000
127247 0.000 0.000 0.000 0.000
100277 0.000 0.000 0.000 0.000
138745 0.000 0.000 0.000 0.000
130817 0.000 0.000 0.000 0.000
114164 0.000 0.000 0.000 0.000
138508 0.000 0.000 0.000 0.000
124757 0.000 0.000 0.000 0.000
113863 0.000 0.000 0.000 0.000
130818 0.000 0.000 0.000 0.000
101020 0.000 0.000 0.000 0.000
124099 0.000 0.000 0.000 0.000
114163 0.000 0.000 0.000 0.000
120278 0.000 0.000 0.000 0.000
124756 0.000 0.000 0.000 0.000
101022 0.000 0.000 0.000 0.000
81595 0.000 0.000 0.000 0.000
11798 0.000 0.000 0.000 0.000
98073 0.000 0.000 0.000 0.000
110739 0.000 0.000 0.000 0.000
98074 0.000 0.000 0.000 0.000
110777 0.000 0.000 0.000 0.000
114172 0.000 0.000 0.000 0.000
10986 0.000 0.000 0.000 0.000
117505 0.000 0.000 0.000 0.000
138679 0.000 0.000 0.000 0.000
120276 0.000 0.000 0.000 0.000
4241 0.000 0.000 0.000 0.000
110771 0.000 0.000 0.000 0.000
110764 0.000 0.000 0.000 0.000
124151 0.000 0.000 0.000 0.000
110072 0.000 0.000 0.000 0.000
127824 0.000 0.000 0.000 0.000
138822 0.000 0.000 0.000 0.000
120277 0.000 0.000 0.000 0.000
79959 0.000 0.000 0.000 0.000
117506 0.000 0.000 0.000 0.000
124215 0.000 0.000 0.000 0.000
110882 0.000 0.000 0.000 0.000
116704 0.000 0.000 0.000 0.000
107496 0.000 0.000 0.000 0.000
