#!ascii label  , from subject  vox2ras=TkReg
47
113306 0.000 0.000 0.000 0.000
117506 0.000 0.000 0.000 0.000
138858 0.000 0.000 0.000 0.000
117448 0.000 0.000 0.000 0.000
113305 0.000 0.000 0.000 0.000
81596 0.000 0.000 0.000 0.000
110882 0.000 0.000 0.000 0.000
113301 0.000 0.000 0.000 0.000
110883 0.000 0.000 0.000 0.000
130818 0.000 0.000 0.000 0.000
113363 0.000 0.000 0.000 0.000
130817 0.000 0.000 0.000 0.000
138507 0.000 0.000 0.000 0.000
81595 0.000 0.000 0.000 0.000
142194 0.000 0.000 0.000 0.000
124328 0.000 0.000 0.000 0.000
116706 0.000 0.000 0.000 0.000
113304 0.000 0.000 0.000 0.000
127968 0.000 0.000 0.000 0.000
142200 0.000 0.000 0.000 0.000
138745 0.000 0.000 0.000 0.000
138822 0.000 0.000 0.000 0.000
124151 0.000 0.000 0.000 0.000
110719 0.000 0.000 0.000 0.000
81593 0.000 0.000 0.000 0.000
4238 0.000 0.000 0.000 0.000
138854 0.000 0.000 0.000 0.000
138508 0.000 0.000 0.000 0.000
120317 0.000 0.000 0.000 0.000
130816 0.000 0.000 0.000 0.000
124223 0.000 0.000 0.000 0.000
127897 0.000 0.000 0.000 0.000
127971 0.000 0.000 0.000 0.000
138679 0.000 0.000 0.000 0.000
113302 0.000 0.000 0.000 0.000
124096 0.000 0.000 0.000 0.000
124099 0.000 0.000 0.000 0.000
110880 0.000 0.000 0.000 0.000
124215 0.000 0.000 0.000 0.000
130812 0.000 0.000 0.000 0.000
142196 0.000 0.000 0.000 0.000
142193 0.000 0.000 0.000 0.000
142195 0.000 0.000 0.000 0.000
81592 0.000 0.000 0.000 0.000
114164 0.000 0.000 0.000 0.000
124155 0.000 0.000 0.000 0.000
117447 0.000 0.000 0.000 0.000
