#!ascii label  , from subject  vox2ras=TkReg
60
138508 0.000 0.000 0.000 0.000
138507 0.000 0.000 0.000 0.000
74403 0.000 0.000 0.000 0.000
74458 0.000 0.000 0.000 0.000
113623 0.000 0.000 0.000 0.000
74404 0.000 0.000 0.000 0.000
2139 0.000 0.000 0.000 0.000
74460 0.000 0.000 0.000 0.000
127277 0.000 0.000 0.000 0.000
74459 0.000 0.000 0.000 0.000
124329 0.000 0.000 0.000 0.000
76796 0.000 0.000 0.000 0.000
75511 0.000 0.000 0.000 0.000
2567 0.000 0.000 0.000 0.000
127326 0.000 0.000 0.000 0.000
2556 0.000 0.000 0.000 0.000
2574 0.000 0.000 0.000 0.000
18653 0.000 0.000 0.000 0.000
76811 0.000 0.000 0.000 0.000
75883 0.000 0.000 0.000 0.000
110988 0.000 0.000 0.000 0.000
76794 0.000 0.000 0.000 0.000
75475 0.000 0.000 0.000 0.000
113616 0.000 0.000 0.000 0.000
113622 0.000 0.000 0.000 0.000
86065 0.000 0.000 0.000 0.000
76795 0.000 0.000 0.000 0.000
127824 0.000 0.000 0.000 0.000
86087 0.000 0.000 0.000 0.000
124218 0.000 0.000 0.000 0.000
86061 0.000 0.000 0.000 0.000
75500 0.000 0.000 0.000 0.000
6566 0.000 0.000 0.000 0.000
131210 0.000 0.000 0.000 0.000
97419 0.000 0.000 0.000 0.000
2557 0.000 0.000 0.000 0.000
97620 0.000 0.000 0.000 0.000
127364 0.000 0.000 0.000 0.000
134827 0.000 0.000 0.000 0.000
6580 0.000 0.000 0.000 0.000
86085 0.000 0.000 0.000 0.000
88042 0.000 0.000 0.000 0.000
86064 0.000 0.000 0.000 0.000
5758 0.000 0.000 0.000 0.000
5775 0.000 0.000 0.000 0.000
97421 0.000 0.000 0.000 0.000
9840 0.000 0.000 0.000 0.000
88098 0.000 0.000 0.000 0.000
97345 0.000 0.000 0.000 0.000
86104 0.000 0.000 0.000 0.000
88099 0.000 0.000 0.000 0.000
75501 0.000 0.000 0.000 0.000
97677 0.000 0.000 0.000 0.000
90051 0.000 0.000 0.000 0.000
83974 0.000 0.000 0.000 0.000
87978 0.000 0.000 0.000 0.000
94980 0.000 0.000 0.000 0.000
86106 0.000 0.000 0.000 0.000
7349 0.000 0.000 0.000 0.000
5774 0.000 0.000 0.000 0.000
