#!ascii label  , from subject  vox2ras=TkReg
33
138508 0.000 0.000 0.000 0.000
138507 0.000 0.000 0.000 0.000
5774 0.000 0.000 0.000 0.000
83973 0.000 0.000 0.000 0.000
83972 0.000 0.000 0.000 0.000
84026 0.000 0.000 0.000 0.000
86061 0.000 0.000 0.000 0.000
120420 0.000 0.000 0.000 0.000
83974 0.000 0.000 0.000 0.000
86104 0.000 0.000 0.000 0.000
5780 0.000 0.000 0.000 0.000
86110 0.000 0.000 0.000 0.000
86105 0.000 0.000 0.000 0.000
86111 0.000 0.000 0.000 0.000
5790 0.000 0.000 0.000 0.000
86106 0.000 0.000 0.000 0.000
127824 0.000 0.000 0.000 0.000
86062 0.000 0.000 0.000 0.000
5757 0.000 0.000 0.000 0.000
86063 0.000 0.000 0.000 0.000
86108 0.000 0.000 0.000 0.000
5775 0.000 0.000 0.000 0.000
86060 0.000 0.000 0.000 0.000
84025 0.000 0.000 0.000 0.000
86086 0.000 0.000 0.000 0.000
5758 0.000 0.000 0.000 0.000
86064 0.000 0.000 0.000 0.000
86107 0.000 0.000 0.000 0.000
86112 0.000 0.000 0.000 0.000
83971 0.000 0.000 0.000 0.000
83970 0.000 0.000 0.000 0.000
6584 0.000 0.000 0.000 0.000
86085 0.000 0.000 0.000 0.000
