#!ascii label  , from subject  vox2ras=TkReg
67
120276 0.000 0.000 0.000 0.000
120319 0.000 0.000 0.000 0.000
116859 0.000 0.000 0.000 0.000
120318 0.000 0.000 0.000 0.000
93327 0.000 0.000 0.000 0.000
120277 0.000 0.000 0.000 0.000
98074 0.000 0.000 0.000 0.000
98075 0.000 0.000 0.000 0.000
110072 0.000 0.000 0.000 0.000
93325 0.000 0.000 0.000 0.000
110764 0.000 0.000 0.000 0.000
120317 0.000 0.000 0.000 0.000
116867 0.000 0.000 0.000 0.000
110732 0.000 0.000 0.000 0.000
114172 0.000 0.000 0.000 0.000
93383 0.000 0.000 0.000 0.000
106809 0.000 0.000 0.000 0.000
98073 0.000 0.000 0.000 0.000
116860 0.000 0.000 0.000 0.000
120421 0.000 0.000 0.000 0.000
124757 0.000 0.000 0.000 0.000
100371 0.000 0.000 0.000 0.000
110731 0.000 0.000 0.000 0.000
138855 0.000 0.000 0.000 0.000
107497 0.000 0.000 0.000 0.000
10986 0.000 0.000 0.000 0.000
110739 0.000 0.000 0.000 0.000
93381 0.000 0.000 0.000 0.000
90871 0.000 0.000 0.000 0.000
113863 0.000 0.000 0.000 0.000
109988 0.000 0.000 0.000 0.000
9627 0.000 0.000 0.000 0.000
142201 0.000 0.000 0.000 0.000
127248 0.000 0.000 0.000 0.000
93322 0.000 0.000 0.000 0.000
120278 0.000 0.000 0.000 0.000
95794 0.000 0.000 0.000 0.000
116866 0.000 0.000 0.000 0.000
134774 0.000 0.000 0.000 0.000
8723 0.000 0.000 0.000 0.000
100369 0.000 0.000 0.000 0.000
90873 0.000 0.000 0.000 0.000
111095 0.000 0.000 0.000 0.000
95774 0.000 0.000 0.000 0.000
98065 0.000 0.000 0.000 0.000
138678 0.000 0.000 0.000 0.000
128038 0.000 0.000 0.000 0.000
98076 0.000 0.000 0.000 0.000
101029 0.000 0.000 0.000 0.000
109932 0.000 0.000 0.000 0.000
111131 0.000 0.000 0.000 0.000
138856 0.000 0.000 0.000 0.000
101022 0.000 0.000 0.000 0.000
138508 0.000 0.000 0.000 0.000
138679 0.000 0.000 0.000 0.000
110777 0.000 0.000 0.000 0.000
103520 0.000 0.000 0.000 0.000
142200 0.000 0.000 0.000 0.000
109982 0.000 0.000 0.000 0.000
90869 0.000 0.000 0.000 0.000
100278 0.000 0.000 0.000 0.000
109983 0.000 0.000 0.000 0.000
11798 0.000 0.000 0.000 0.000
100370 0.000 0.000 0.000 0.000
107496 0.000 0.000 0.000 0.000
10981 0.000 0.000 0.000 0.000
10680 0.000 0.000 0.000 0.000
