#!ascii label  , from subject  vox2ras=TkReg
32
3555 0.000 0.000 0.000 0.000
81643 0.000 0.000 0.000 0.000
81647 0.000 0.000 0.000 0.000
81642 0.000 0.000 0.000 0.000
81652 0.000 0.000 0.000 0.000
81650 0.000 0.000 0.000 0.000
81646 0.000 0.000 0.000 0.000
81644 0.000 0.000 0.000 0.000
2157 0.000 0.000 0.000 0.000
81724 0.000 0.000 0.000 0.000
81712 0.000 0.000 0.000 0.000
81651 0.000 0.000 0.000 0.000
79901 0.000 0.000 0.000 0.000
4196 0.000 0.000 0.000 0.000
4172 0.000 0.000 0.000 0.000
81711 0.000 0.000 0.000 0.000
81725 0.000 0.000 0.000 0.000
83601 0.000 0.000 0.000 0.000
95733 0.000 0.000 0.000 0.000
4192 0.000 0.000 0.000 0.000
8173 0.000 0.000 0.000 0.000
78415 0.000 0.000 0.000 0.000
77209 0.000 0.000 0.000 0.000
77211 0.000 0.000 0.000 0.000
95729 0.000 0.000 0.000 0.000
6459 0.000 0.000 0.000 0.000
83599 0.000 0.000 0.000 0.000
95731 0.000 0.000 0.000 0.000
77213 0.000 0.000 0.000 0.000
95730 0.000 0.000 0.000 0.000
93540 0.000 0.000 0.000 0.000
3556 0.000 0.000 0.000 0.000
