#!ascii label  , from subject  vox2ras=TkReg
27
117447 0.000 0.000 0.000 0.000
142194 0.000 0.000 0.000 0.000
114049 0.000 0.000 0.000 0.000
138507 0.000 0.000 0.000 0.000
130816 0.000 0.000 0.000 0.000
130859 0.000 0.000 0.000 0.000
142203 0.000 0.000 0.000 0.000
116706 0.000 0.000 0.000 0.000
138508 0.000 0.000 0.000 0.000
124094 0.000 0.000 0.000 0.000
117449 0.000 0.000 0.000 0.000
117506 0.000 0.000 0.000 0.000
124096 0.000 0.000 0.000 0.000
124098 0.000 0.000 0.000 0.000
124151 0.000 0.000 0.000 0.000
117397 0.000 0.000 0.000 0.000
124095 0.000 0.000 0.000 0.000
117448 0.000 0.000 0.000 0.000
127824 0.000 0.000 0.000 0.000
110126 0.000 0.000 0.000 0.000
124328 0.000 0.000 0.000 0.000
142195 0.000 0.000 0.000 0.000
113363 0.000 0.000 0.000 0.000
124155 0.000 0.000 0.000 0.000
124152 0.000 0.000 0.000 0.000
124099 0.000 0.000 0.000 0.000
116705 0.000 0.000 0.000 0.000
