#!ascii label  , from subject  vox2ras=TkReg
34
120276 0.000 0.000 0.000 0.000
120317 0.000 0.000 0.000 0.000
116859 0.000 0.000 0.000 0.000
120277 0.000 0.000 0.000 0.000
116865 0.000 0.000 0.000 0.000
116858 0.000 0.000 0.000 0.000
120318 0.000 0.000 0.000 0.000
120420 0.000 0.000 0.000 0.000
116860 0.000 0.000 0.000 0.000
116927 0.000 0.000 0.000 0.000
106887 0.000 0.000 0.000 0.000
106642 0.000 0.000 0.000 0.000
114162 0.000 0.000 0.000 0.000
134782 0.000 0.000 0.000 0.000
142196 0.000 0.000 0.000 0.000
120278 0.000 0.000 0.000 0.000
114161 0.000 0.000 0.000 0.000
138854 0.000 0.000 0.000 0.000
106927 0.000 0.000 0.000 0.000
138855 0.000 0.000 0.000 0.000
120419 0.000 0.000 0.000 0.000
85939 0.000 0.000 0.000 0.000
106641 0.000 0.000 0.000 0.000
83932 0.000 0.000 0.000 0.000
88349 0.000 0.000 0.000 0.000
116928 0.000 0.000 0.000 0.000
134788 0.000 0.000 0.000 0.000
107488 0.000 0.000 0.000 0.000
85938 0.000 0.000 0.000 0.000
116866 0.000 0.000 0.000 0.000
5727 0.000 0.000 0.000 0.000
88350 0.000 0.000 0.000 0.000
85971 0.000 0.000 0.000 0.000
114201 0.000 0.000 0.000 0.000
