#!ascii label  , from subject  vox2ras=TkReg
33
120317 0.000 0.000 0.000 0.000
120276 0.000 0.000 0.000 0.000
120420 0.000 0.000 0.000 0.000
138508 0.000 0.000 0.000 0.000
120277 0.000 0.000 0.000 0.000
116859 0.000 0.000 0.000 0.000
120318 0.000 0.000 0.000 0.000
116927 0.000 0.000 0.000 0.000
116865 0.000 0.000 0.000 0.000
83972 0.000 0.000 0.000 0.000
83970 0.000 0.000 0.000 0.000
83973 0.000 0.000 0.000 0.000
138855 0.000 0.000 0.000 0.000
83969 0.000 0.000 0.000 0.000
127824 0.000 0.000 0.000 0.000
83932 0.000 0.000 0.000 0.000
138854 0.000 0.000 0.000 0.000
116860 0.000 0.000 0.000 0.000
138507 0.000 0.000 0.000 0.000
107488 0.000 0.000 0.000 0.000
124705 0.000 0.000 0.000 0.000
106887 0.000 0.000 0.000 0.000
138678 0.000 0.000 0.000 0.000
124754 0.000 0.000 0.000 0.000
134788 0.000 0.000 0.000 0.000
142196 0.000 0.000 0.000 0.000
116858 0.000 0.000 0.000 0.000
134782 0.000 0.000 0.000 0.000
120419 0.000 0.000 0.000 0.000
83931 0.000 0.000 0.000 0.000
116861 0.000 0.000 0.000 0.000
85939 0.000 0.000 0.000 0.000
83971 0.000 0.000 0.000 0.000
