#!ascii label  , from subject  vox2ras=TkReg
39
120276 0.000 0.000 0.000 0.000
110730 0.000 0.000 0.000 0.000
116859 0.000 0.000 0.000 0.000
120317 0.000 0.000 0.000 0.000
116858 0.000 0.000 0.000 0.000
109981 0.000 0.000 0.000 0.000
110737 0.000 0.000 0.000 0.000
134782 0.000 0.000 0.000 0.000
111021 0.000 0.000 0.000 0.000
116865 0.000 0.000 0.000 0.000
113719 0.000 0.000 0.000 0.000
109980 0.000 0.000 0.000 0.000
111020 0.000 0.000 0.000 0.000
120277 0.000 0.000 0.000 0.000
134788 0.000 0.000 0.000 0.000
116928 0.000 0.000 0.000 0.000
116860 0.000 0.000 0.000 0.000
110736 0.000 0.000 0.000 0.000
111088 0.000 0.000 0.000 0.000
95822 0.000 0.000 0.000 0.000
95510 0.000 0.000 0.000 0.000
114161 0.000 0.000 0.000 0.000
95823 0.000 0.000 0.000 0.000
106642 0.000 0.000 0.000 0.000
97999 0.000 0.000 0.000 0.000
4920 0.000 0.000 0.000 0.000
106887 0.000 0.000 0.000 0.000
9977 0.000 0.000 0.000 0.000
116927 0.000 0.000 0.000 0.000
93571 0.000 0.000 0.000 0.000
107496 0.000 0.000 0.000 0.000
114207 0.000 0.000 0.000 0.000
77164 0.000 0.000 0.000 0.000
106641 0.000 0.000 0.000 0.000
95509 0.000 0.000 0.000 0.000
88350 0.000 0.000 0.000 0.000
4913 0.000 0.000 0.000 0.000
9852 0.000 0.000 0.000 0.000
106927 0.000 0.000 0.000 0.000
