#!ascii label  , from subject  vox2ras=TkReg
26
138508 0.000 0.000 0.000 0.000
5774 0.000 0.000 0.000 0.000
83973 0.000 0.000 0.000 0.000
138507 0.000 0.000 0.000 0.000
127824 0.000 0.000 0.000 0.000
83972 0.000 0.000 0.000 0.000
120420 0.000 0.000 0.000 0.000
84026 0.000 0.000 0.000 0.000
84025 0.000 0.000 0.000 0.000
124706 0.000 0.000 0.000 0.000
86061 0.000 0.000 0.000 0.000
120419 0.000 0.000 0.000 0.000
83970 0.000 0.000 0.000 0.000
86111 0.000 0.000 0.000 0.000
5780 0.000 0.000 0.000 0.000
83974 0.000 0.000 0.000 0.000
86105 0.000 0.000 0.000 0.000
86104 0.000 0.000 0.000 0.000
86110 0.000 0.000 0.000 0.000
86113 0.000 0.000 0.000 0.000
5775 0.000 0.000 0.000 0.000
131064 0.000 0.000 0.000 0.000
86106 0.000 0.000 0.000 0.000
83971 0.000 0.000 0.000 0.000
86060 0.000 0.000 0.000 0.000
86063 0.000 0.000 0.000 0.000
