#!ascii label  , from subject  vox2ras=TkReg
70
110737 0.000 0.000 0.000 0.000
110730 0.000 0.000 0.000 0.000
111021 0.000 0.000 0.000 0.000
109982 0.000 0.000 0.000 0.000
120277 0.000 0.000 0.000 0.000
120276 0.000 0.000 0.000 0.000
116860 0.000 0.000 0.000 0.000
114172 0.000 0.000 0.000 0.000
116859 0.000 0.000 0.000 0.000
110731 0.000 0.000 0.000 0.000
114207 0.000 0.000 0.000 0.000
120278 0.000 0.000 0.000 0.000
95771 0.000 0.000 0.000 0.000
114201 0.000 0.000 0.000 0.000
93325 0.000 0.000 0.000 0.000
110738 0.000 0.000 0.000 0.000
93324 0.000 0.000 0.000 0.000
95739 0.000 0.000 0.000 0.000
93322 0.000 0.000 0.000 0.000
109983 0.000 0.000 0.000 0.000
120318 0.000 0.000 0.000 0.000
120320 0.000 0.000 0.000 0.000
93323 0.000 0.000 0.000 0.000
9621 0.000 0.000 0.000 0.000
107538 0.000 0.000 0.000 0.000
113863 0.000 0.000 0.000 0.000
10986 0.000 0.000 0.000 0.000
114202 0.000 0.000 0.000 0.000
90871 0.000 0.000 0.000 0.000
90869 0.000 0.000 0.000 0.000
116865 0.000 0.000 0.000 0.000
93326 0.000 0.000 0.000 0.000
10680 0.000 0.000 0.000 0.000
95732 0.000 0.000 0.000 0.000
98074 0.000 0.000 0.000 0.000
8701 0.000 0.000 0.000 0.000
110072 0.000 0.000 0.000 0.000
111020 0.000 0.000 0.000 0.000
93271 0.000 0.000 0.000 0.000
92697 0.000 0.000 0.000 0.000
128038 0.000 0.000 0.000 0.000
9618 0.000 0.000 0.000 0.000
93327 0.000 0.000 0.000 0.000
107546 0.000 0.000 0.000 0.000
127824 0.000 0.000 0.000 0.000
98073 0.000 0.000 0.000 0.000
120317 0.000 0.000 0.000 0.000
95773 0.000 0.000 0.000 0.000
116928 0.000 0.000 0.000 0.000
93571 0.000 0.000 0.000 0.000
124037 0.000 0.000 0.000 0.000
9627 0.000 0.000 0.000 0.000
124757 0.000 0.000 0.000 0.000
127248 0.000 0.000 0.000 0.000
95772 0.000 0.000 0.000 0.000
109981 0.000 0.000 0.000 0.000
97672 0.000 0.000 0.000 0.000
100278 0.000 0.000 0.000 0.000
109988 0.000 0.000 0.000 0.000
120482 0.000 0.000 0.000 0.000
93569 0.000 0.000 0.000 0.000
9859 0.000 0.000 0.000 0.000
106928 0.000 0.000 0.000 0.000
106929 0.000 0.000 0.000 0.000
127971 0.000 0.000 0.000 0.000
8723 0.000 0.000 0.000 0.000
93238 0.000 0.000 0.000 0.000
95774 0.000 0.000 0.000 0.000
138508 0.000 0.000 0.000 0.000
97317 0.000 0.000 0.000 0.000
