#!ascii label  , from subject  vox2ras=TkReg
36
138507 0.000 0.000 0.000 0.000
124218 0.000 0.000 0.000 0.000
142206 0.000 0.000 0.000 0.000
138508 0.000 0.000 0.000 0.000
142194 0.000 0.000 0.000 0.000
124098 0.000 0.000 0.000 0.000
127831 0.000 0.000 0.000 0.000
113367 0.000 0.000 0.000 0.000
130862 0.000 0.000 0.000 0.000
124095 0.000 0.000 0.000 0.000
124151 0.000 0.000 0.000 0.000
114010 0.000 0.000 0.000 0.000
127830 0.000 0.000 0.000 0.000
124094 0.000 0.000 0.000 0.000
124156 0.000 0.000 0.000 0.000
124097 0.000 0.000 0.000 0.000
124367 0.000 0.000 0.000 0.000
127825 0.000 0.000 0.000 0.000
124099 0.000 0.000 0.000 0.000
116705 0.000 0.000 0.000 0.000
120256 0.000 0.000 0.000 0.000
114049 0.000 0.000 0.000 0.000
127824 0.000 0.000 0.000 0.000
114004 0.000 0.000 0.000 0.000
124536 0.000 0.000 0.000 0.000
120314 0.000 0.000 0.000 0.000
124038 0.000 0.000 0.000 0.000
124155 0.000 0.000 0.000 0.000
117397 0.000 0.000 0.000 0.000
113622 0.000 0.000 0.000 0.000
113366 0.000 0.000 0.000 0.000
124096 0.000 0.000 0.000 0.000
127828 0.000 0.000 0.000 0.000
114129 0.000 0.000 0.000 0.000
124152 0.000 0.000 0.000 0.000
113363 0.000 0.000 0.000 0.000
