#!ascii label  , from subject  vox2ras=TkReg
36
113363 0.000 0.000 0.000 0.000
142194 0.000 0.000 0.000 0.000
117506 0.000 0.000 0.000 0.000
124328 0.000 0.000 0.000 0.000
113367 0.000 0.000 0.000 0.000
138858 0.000 0.000 0.000 0.000
113306 0.000 0.000 0.000 0.000
142195 0.000 0.000 0.000 0.000
124151 0.000 0.000 0.000 0.000
113303 0.000 0.000 0.000 0.000
81596 0.000 0.000 0.000 0.000
117449 0.000 0.000 0.000 0.000
127971 0.000 0.000 0.000 0.000
124152 0.000 0.000 0.000 0.000
109869 0.000 0.000 0.000 0.000
124099 0.000 0.000 0.000 0.000
138854 0.000 0.000 0.000 0.000
117505 0.000 0.000 0.000 0.000
117448 0.000 0.000 0.000 0.000
124223 0.000 0.000 0.000 0.000
138679 0.000 0.000 0.000 0.000
114049 0.000 0.000 0.000 0.000
116706 0.000 0.000 0.000 0.000
138507 0.000 0.000 0.000 0.000
124096 0.000 0.000 0.000 0.000
124097 0.000 0.000 0.000 0.000
113305 0.000 0.000 0.000 0.000
138855 0.000 0.000 0.000 0.000
142203 0.000 0.000 0.000 0.000
138822 0.000 0.000 0.000 0.000
124094 0.000 0.000 0.000 0.000
142193 0.000 0.000 0.000 0.000
142196 0.000 0.000 0.000 0.000
138745 0.000 0.000 0.000 0.000
127968 0.000 0.000 0.000 0.000
130812 0.000 0.000 0.000 0.000
