#!ascii label  , from subject  vox2ras=TkReg
57
120318 0.000 0.000 0.000 0.000
120278 0.000 0.000 0.000 0.000
120277 0.000 0.000 0.000 0.000
116866 0.000 0.000 0.000 0.000
116860 0.000 0.000 0.000 0.000
120276 0.000 0.000 0.000 0.000
120317 0.000 0.000 0.000 0.000
142200 0.000 0.000 0.000 0.000
124757 0.000 0.000 0.000 0.000
142201 0.000 0.000 0.000 0.000
98074 0.000 0.000 0.000 0.000
138856 0.000 0.000 0.000 0.000
110739 0.000 0.000 0.000 0.000
114172 0.000 0.000 0.000 0.000
124099 0.000 0.000 0.000 0.000
98075 0.000 0.000 0.000 0.000
113863 0.000 0.000 0.000 0.000
110764 0.000 0.000 0.000 0.000
110072 0.000 0.000 0.000 0.000
8723 0.000 0.000 0.000 0.000
124151 0.000 0.000 0.000 0.000
98073 0.000 0.000 0.000 0.000
138678 0.000 0.000 0.000 0.000
107496 0.000 0.000 0.000 0.000
110777 0.000 0.000 0.000 0.000
124707 0.000 0.000 0.000 0.000
127248 0.000 0.000 0.000 0.000
124706 0.000 0.000 0.000 0.000
111131 0.000 0.000 0.000 0.000
124756 0.000 0.000 0.000 0.000
11798 0.000 0.000 0.000 0.000
93383 0.000 0.000 0.000 0.000
100369 0.000 0.000 0.000 0.000
100277 0.000 0.000 0.000 0.000
93327 0.000 0.000 0.000 0.000
101022 0.000 0.000 0.000 0.000
10986 0.000 0.000 0.000 0.000
116859 0.000 0.000 0.000 0.000
138745 0.000 0.000 0.000 0.000
93380 0.000 0.000 0.000 0.000
93381 0.000 0.000 0.000 0.000
98076 0.000 0.000 0.000 0.000
111095 0.000 0.000 0.000 0.000
100276 0.000 0.000 0.000 0.000
98065 0.000 0.000 0.000 0.000
95794 0.000 0.000 0.000 0.000
109982 0.000 0.000 0.000 0.000
101020 0.000 0.000 0.000 0.000
134774 0.000 0.000 0.000 0.000
127824 0.000 0.000 0.000 0.000
127247 0.000 0.000 0.000 0.000
107489 0.000 0.000 0.000 0.000
100370 0.000 0.000 0.000 0.000
110732 0.000 0.000 0.000 0.000
95774 0.000 0.000 0.000 0.000
93382 0.000 0.000 0.000 0.000
116861 0.000 0.000 0.000 0.000
