#!ascii label  , from subject  vox2ras=TkReg
32
142194 0.000 0.000 0.000 0.000
117449 0.000 0.000 0.000 0.000
117447 0.000 0.000 0.000 0.000
113363 0.000 0.000 0.000 0.000
113367 0.000 0.000 0.000 0.000
127971 0.000 0.000 0.000 0.000
117448 0.000 0.000 0.000 0.000
117506 0.000 0.000 0.000 0.000
142203 0.000 0.000 0.000 0.000
124151 0.000 0.000 0.000 0.000
142195 0.000 0.000 0.000 0.000
116706 0.000 0.000 0.000 0.000
124094 0.000 0.000 0.000 0.000
114049 0.000 0.000 0.000 0.000
124328 0.000 0.000 0.000 0.000
124098 0.000 0.000 0.000 0.000
124099 0.000 0.000 0.000 0.000
113303 0.000 0.000 0.000 0.000
138679 0.000 0.000 0.000 0.000
138858 0.000 0.000 0.000 0.000
109869 0.000 0.000 0.000 0.000
117505 0.000 0.000 0.000 0.000
113306 0.000 0.000 0.000 0.000
116705 0.000 0.000 0.000 0.000
124223 0.000 0.000 0.000 0.000
124152 0.000 0.000 0.000 0.000
130816 0.000 0.000 0.000 0.000
138507 0.000 0.000 0.000 0.000
138854 0.000 0.000 0.000 0.000
116707 0.000 0.000 0.000 0.000
124156 0.000 0.000 0.000 0.000
124095 0.000 0.000 0.000 0.000
