#!ascii label  , from subject  vox2ras=TkReg
47
138508 0.000 0.000 0.000 0.000
138507 0.000 0.000 0.000 0.000
5774 0.000 0.000 0.000 0.000
86061 0.000 0.000 0.000 0.000
84026 0.000 0.000 0.000 0.000
86104 0.000 0.000 0.000 0.000
74404 0.000 0.000 0.000 0.000
113623 0.000 0.000 0.000 0.000
86105 0.000 0.000 0.000 0.000
83972 0.000 0.000 0.000 0.000
83973 0.000 0.000 0.000 0.000
83974 0.000 0.000 0.000 0.000
113616 0.000 0.000 0.000 0.000
120420 0.000 0.000 0.000 0.000
5780 0.000 0.000 0.000 0.000
5758 0.000 0.000 0.000 0.000
5775 0.000 0.000 0.000 0.000
86085 0.000 0.000 0.000 0.000
86065 0.000 0.000 0.000 0.000
74458 0.000 0.000 0.000 0.000
86064 0.000 0.000 0.000 0.000
6580 0.000 0.000 0.000 0.000
86106 0.000 0.000 0.000 0.000
2139 0.000 0.000 0.000 0.000
5790 0.000 0.000 0.000 0.000
86110 0.000 0.000 0.000 0.000
76794 0.000 0.000 0.000 0.000
86062 0.000 0.000 0.000 0.000
86087 0.000 0.000 0.000 0.000
86086 0.000 0.000 0.000 0.000
86107 0.000 0.000 0.000 0.000
86063 0.000 0.000 0.000 0.000
86108 0.000 0.000 0.000 0.000
86109 0.000 0.000 0.000 0.000
124706 0.000 0.000 0.000 0.000
76796 0.000 0.000 0.000 0.000
74403 0.000 0.000 0.000 0.000
86060 0.000 0.000 0.000 0.000
127824 0.000 0.000 0.000 0.000
2574 0.000 0.000 0.000 0.000
6584 0.000 0.000 0.000 0.000
6566 0.000 0.000 0.000 0.000
127277 0.000 0.000 0.000 0.000
5757 0.000 0.000 0.000 0.000
84035 0.000 0.000 0.000 0.000
76795 0.000 0.000 0.000 0.000
74459 0.000 0.000 0.000 0.000
