#!ascii label  , from subject  vox2ras=TkReg
32
120420 0.000 0.000 0.000 0.000
83973 0.000 0.000 0.000 0.000
120317 0.000 0.000 0.000 0.000
83972 0.000 0.000 0.000 0.000
138508 0.000 0.000 0.000 0.000
5774 0.000 0.000 0.000 0.000
84025 0.000 0.000 0.000 0.000
124706 0.000 0.000 0.000 0.000
84026 0.000 0.000 0.000 0.000
83970 0.000 0.000 0.000 0.000
127824 0.000 0.000 0.000 0.000
83974 0.000 0.000 0.000 0.000
120419 0.000 0.000 0.000 0.000
5780 0.000 0.000 0.000 0.000
83969 0.000 0.000 0.000 0.000
86061 0.000 0.000 0.000 0.000
138507 0.000 0.000 0.000 0.000
124705 0.000 0.000 0.000 0.000
86104 0.000 0.000 0.000 0.000
124754 0.000 0.000 0.000 0.000
124707 0.000 0.000 0.000 0.000
84035 0.000 0.000 0.000 0.000
86060 0.000 0.000 0.000 0.000
120318 0.000 0.000 0.000 0.000
86105 0.000 0.000 0.000 0.000
5757 0.000 0.000 0.000 0.000
97420 0.000 0.000 0.000 0.000
86111 0.000 0.000 0.000 0.000
97619 0.000 0.000 0.000 0.000
5775 0.000 0.000 0.000 0.000
116927 0.000 0.000 0.000 0.000
9856 0.000 0.000 0.000 0.000
