#!ascii label  , from subject  vox2ras=TkReg
69
120276 0.000 0.000 0.000 0.000
93325 0.000 0.000 0.000 0.000
116859 0.000 0.000 0.000 0.000
114172 0.000 0.000 0.000 0.000
93327 0.000 0.000 0.000 0.000
110731 0.000 0.000 0.000 0.000
90871 0.000 0.000 0.000 0.000
109988 0.000 0.000 0.000 0.000
93322 0.000 0.000 0.000 0.000
116867 0.000 0.000 0.000 0.000
98074 0.000 0.000 0.000 0.000
110730 0.000 0.000 0.000 0.000
110737 0.000 0.000 0.000 0.000
10986 0.000 0.000 0.000 0.000
90869 0.000 0.000 0.000 0.000
8701 0.000 0.000 0.000 0.000
100371 0.000 0.000 0.000 0.000
98075 0.000 0.000 0.000 0.000
95771 0.000 0.000 0.000 0.000
98073 0.000 0.000 0.000 0.000
110072 0.000 0.000 0.000 0.000
100278 0.000 0.000 0.000 0.000
9627 0.000 0.000 0.000 0.000
107538 0.000 0.000 0.000 0.000
110738 0.000 0.000 0.000 0.000
101029 0.000 0.000 0.000 0.000
93383 0.000 0.000 0.000 0.000
138508 0.000 0.000 0.000 0.000
109983 0.000 0.000 0.000 0.000
120317 0.000 0.000 0.000 0.000
93326 0.000 0.000 0.000 0.000
95739 0.000 0.000 0.000 0.000
138855 0.000 0.000 0.000 0.000
113863 0.000 0.000 0.000 0.000
110764 0.000 0.000 0.000 0.000
10680 0.000 0.000 0.000 0.000
90872 0.000 0.000 0.000 0.000
114207 0.000 0.000 0.000 0.000
98065 0.000 0.000 0.000 0.000
93323 0.000 0.000 0.000 0.000
114202 0.000 0.000 0.000 0.000
124757 0.000 0.000 0.000 0.000
95774 0.000 0.000 0.000 0.000
95732 0.000 0.000 0.000 0.000
128038 0.000 0.000 0.000 0.000
127248 0.000 0.000 0.000 0.000
110732 0.000 0.000 0.000 0.000
116865 0.000 0.000 0.000 0.000
114201 0.000 0.000 0.000 0.000
101022 0.000 0.000 0.000 0.000
9618 0.000 0.000 0.000 0.000
98066 0.000 0.000 0.000 0.000
109982 0.000 0.000 0.000 0.000
120277 0.000 0.000 0.000 0.000
107546 0.000 0.000 0.000 0.000
110739 0.000 0.000 0.000 0.000
90870 0.000 0.000 0.000 0.000
90873 0.000 0.000 0.000 0.000
116928 0.000 0.000 0.000 0.000
120319 0.000 0.000 0.000 0.000
93324 0.000 0.000 0.000 0.000
127824 0.000 0.000 0.000 0.000
106928 0.000 0.000 0.000 0.000
95794 0.000 0.000 0.000 0.000
95773 0.000 0.000 0.000 0.000
93271 0.000 0.000 0.000 0.000
11798 0.000 0.000 0.000 0.000
111095 0.000 0.000 0.000 0.000
138854 0.000 0.000 0.000 0.000
