#!ascii label  , from subject  vox2ras=TkReg
147
73562 0.000 0.000 0.000 0.000
12485 0.000 0.000 0.000 0.000
73560 0.000 0.000 0.000 0.000
71412 0.000 0.000 0.000 0.000
68080 0.000 0.000 0.000 0.000
76703 0.000 0.000 0.000 0.000
78645 0.000 0.000 0.000 0.000
15337 0.000 0.000 0.000 0.000
68088 0.000 0.000 0.000 0.000
1169 0.000 0.000 0.000 0.000
74875 0.000 0.000 0.000 0.000
71612 0.000 0.000 0.000 0.000
76568 0.000 0.000 0.000 0.000
70441 0.000 0.000 0.000 0.000
11053 0.000 0.000 0.000 0.000
68079 0.000 0.000 0.000 0.000
78644 0.000 0.000 0.000 0.000
74837 0.000 0.000 0.000 0.000
12486 0.000 0.000 0.000 0.000
78706 0.000 0.000 0.000 0.000
78692 0.000 0.000 0.000 0.000
76698 0.000 0.000 0.000 0.000
71821 0.000 0.000 0.000 0.000
71610 0.000 0.000 0.000 0.000
14152 0.000 0.000 0.000 0.000
71591 0.000 0.000 0.000 0.000
74836 0.000 0.000 0.000 0.000
82020 0.000 0.000 0.000 0.000
76469 0.000 0.000 0.000 0.000
12488 0.000 0.000 0.000 0.000
66448 0.000 0.000 0.000 0.000
1172 0.000 0.000 0.000 0.000
74877 0.000 0.000 0.000 0.000
80742 0.000 0.000 0.000 0.000
76643 0.000 0.000 0.000 0.000
74742 0.000 0.000 0.000 0.000
65997 0.000 0.000 0.000 0.000
9240 0.000 0.000 0.000 0.000
14153 0.000 0.000 0.000 0.000
68093 0.000 0.000 0.000 0.000
76692 0.000 0.000 0.000 0.000
80650 0.000 0.000 0.000 0.000
12507 0.000 0.000 0.000 0.000
12504 0.000 0.000 0.000 0.000
66451 0.000 0.000 0.000 0.000
76697 0.000 0.000 0.000 0.000
76702 0.000 0.000 0.000 0.000
68082 0.000 0.000 0.000 0.000
12505 0.000 0.000 0.000 0.000
74840 0.000 0.000 0.000 0.000
73585 0.000 0.000 0.000 0.000
76567 0.000 0.000 0.000 0.000
74838 0.000 0.000 0.000 0.000
15338 0.000 0.000 0.000 0.000
78677 0.000 0.000 0.000 0.000
68086 0.000 0.000 0.000 0.000
73564 0.000 0.000 0.000 0.000
14154 0.000 0.000 0.000 0.000
76694 0.000 0.000 0.000 0.000
70442 0.000 0.000 0.000 0.000
78640 0.000 0.000 0.000 0.000
68071 0.000 0.000 0.000 0.000
76602 0.000 0.000 0.000 0.000
82017 0.000 0.000 0.000 0.000
66449 0.000 0.000 0.000 0.000
76467 0.000 0.000 0.000 0.000
81986 0.000 0.000 0.000 0.000
71824 0.000 0.000 0.000 0.000
9949 0.000 0.000 0.000 0.000
14150 0.000 0.000 0.000 0.000
9917 0.000 0.000 0.000 0.000
74770 0.000 0.000 0.000 0.000
1173 0.000 0.000 0.000 0.000
78675 0.000 0.000 0.000 0.000
78689 0.000 0.000 0.000 0.000
76615 0.000 0.000 0.000 0.000
73565 0.000 0.000 0.000 0.000
68985 0.000 0.000 0.000 0.000
23555 0.000 0.000 0.000 0.000
71616 0.000 0.000 0.000 0.000
80721 0.000 0.000 0.000 0.000
73655 0.000 0.000 0.000 0.000
78634 0.000 0.000 0.000 0.000
17583 0.000 0.000 0.000 0.000
12508 0.000 0.000 0.000 0.000
9239 0.000 0.000 0.000 0.000
68982 0.000 0.000 0.000 0.000
76693 0.000 0.000 0.000 0.000
73529 0.000 0.000 0.000 0.000
73653 0.000 0.000 0.000 0.000
73561 0.000 0.000 0.000 0.000
15339 0.000 0.000 0.000 0.000
9241 0.000 0.000 0.000 0.000
78576 0.000 0.000 0.000 0.000
68221 0.000 0.000 0.000 0.000
78646 0.000 0.000 0.000 0.000
17602 0.000 0.000 0.000 0.000
73656 0.000 0.000 0.000 0.000
73703 0.000 0.000 0.000 0.000
11391 0.000 0.000 0.000 0.000
78674 0.000 0.000 0.000 0.000
76677 0.000 0.000 0.000 0.000
68090 0.000 0.000 0.000 0.000
69024 0.000 0.000 0.000 0.000
1190 0.000 0.000 0.000 0.000
76617 0.000 0.000 0.000 0.000
78642 0.000 0.000 0.000 0.000
69025 0.000 0.000 0.000 0.000
68255 0.000 0.000 0.000 0.000
76611 0.000 0.000 0.000 0.000
11390 0.000 0.000 0.000 0.000
76468 0.000 0.000 0.000 0.000
17584 0.000 0.000 0.000 0.000
78690 0.000 0.000 0.000 0.000
66452 0.000 0.000 0.000 0.000
17578 0.000 0.000 0.000 0.000
68986 0.000 0.000 0.000 0.000
11393 0.000 0.000 0.000 0.000
14134 0.000 0.000 0.000 0.000
6107 0.000 0.000 0.000 0.000
76696 0.000 0.000 0.000 0.000
13457 0.000 0.000 0.000 0.000
1137 0.000 0.000 0.000 0.000
78693 0.000 0.000 0.000 0.000
78688 0.000 0.000 0.000 0.000
78589 0.000 0.000 0.000 0.000
68980 0.000 0.000 0.000 0.000
74769 0.000 0.000 0.000 0.000
80725 0.000 0.000 0.000 0.000
73586 0.000 0.000 0.000 0.000
68984 0.000 0.000 0.000 0.000
81920 0.000 0.000 0.000 0.000
66450 0.000 0.000 0.000 0.000
80648 0.000 0.000 0.000 0.000
68993 0.000 0.000 0.000 0.000
11344 0.000 0.000 0.000 0.000
76569 0.000 0.000 0.000 0.000
76466 0.000 0.000 0.000 0.000
17595 0.000 0.000 0.000 0.000
74876 0.000 0.000 0.000 0.000
73563 0.000 0.000 0.000 0.000
71611 0.000 0.000 0.000 0.000
78641 0.000 0.000 0.000 0.000
13465 0.000 0.000 0.000 0.000
78776 0.000 0.000 0.000 0.000
68996 0.000 0.000 0.000 0.000
74839 0.000 0.000 0.000 0.000
