#!ascii label  , from subject  vox2ras=TkReg
175
87881 0.000 0.000 0.000 0.000
90661 0.000 0.000 0.000 0.000
90663 0.000 0.000 0.000 0.000
8065 0.000 0.000 0.000 0.000
8038 0.000 0.000 0.000 0.000
87882 0.000 0.000 0.000 0.000
109227 0.000 0.000 0.000 0.000
90662 0.000 0.000 0.000 0.000
109220 0.000 0.000 0.000 0.000
87838 0.000 0.000 0.000 0.000
109226 0.000 0.000 0.000 0.000
90567 0.000 0.000 0.000 0.000
106128 0.000 0.000 0.000 0.000
106118 0.000 0.000 0.000 0.000
14181 0.000 0.000 0.000 0.000
109224 0.000 0.000 0.000 0.000
90565 0.000 0.000 0.000 0.000
87920 0.000 0.000 0.000 0.000
87880 0.000 0.000 0.000 0.000
109221 0.000 0.000 0.000 0.000
109229 0.000 0.000 0.000 0.000
90665 0.000 0.000 0.000 0.000
106127 0.000 0.000 0.000 0.000
14160 0.000 0.000 0.000 0.000
109222 0.000 0.000 0.000 0.000
87839 0.000 0.000 0.000 0.000
103027 0.000 0.000 0.000 0.000
126715 0.000 0.000 0.000 0.000
109214 0.000 0.000 0.000 0.000
12090 0.000 0.000 0.000 0.000
103023 0.000 0.000 0.000 0.000
15199 0.000 0.000 0.000 0.000
109228 0.000 0.000 0.000 0.000
8011 0.000 0.000 0.000 0.000
14180 0.000 0.000 0.000 0.000
109213 0.000 0.000 0.000 0.000
109230 0.000 0.000 0.000 0.000
103025 0.000 0.000 0.000 0.000
109097 0.000 0.000 0.000 0.000
14182 0.000 0.000 0.000 0.000
12124 0.000 0.000 0.000 0.000
19965 0.000 0.000 0.000 0.000
130328 0.000 0.000 0.000 0.000
130403 0.000 0.000 0.000 0.000
112388 0.000 0.000 0.000 0.000
12142 0.000 0.000 0.000 0.000
103030 0.000 0.000 0.000 0.000
8039 0.000 0.000 0.000 0.000
15204 0.000 0.000 0.000 0.000
126716 0.000 0.000 0.000 0.000
13142 0.000 0.000 0.000 0.000
90566 0.000 0.000 0.000 0.000
21156 0.000 0.000 0.000 0.000
99796 0.000 0.000 0.000 0.000
103022 0.000 0.000 0.000 0.000
106120 0.000 0.000 0.000 0.000
90670 0.000 0.000 0.000 0.000
109096 0.000 0.000 0.000 0.000
112321 0.000 0.000 0.000 0.000
15233 0.000 0.000 0.000 0.000
87836 0.000 0.000 0.000 0.000
15232 0.000 0.000 0.000 0.000
126828 0.000 0.000 0.000 0.000
130330 0.000 0.000 0.000 0.000
126746 0.000 0.000 0.000 0.000
123313 0.000 0.000 0.000 0.000
109223 0.000 0.000 0.000 0.000
90668 0.000 0.000 0.000 0.000
106126 0.000 0.000 0.000 0.000
90667 0.000 0.000 0.000 0.000
109216 0.000 0.000 0.000 0.000
119635 0.000 0.000 0.000 0.000
119633 0.000 0.000 0.000 0.000
126920 0.000 0.000 0.000 0.000
126921 0.000 0.000 0.000 0.000
90743 0.000 0.000 0.000 0.000
14193 0.000 0.000 0.000 0.000
103021 0.000 0.000 0.000 0.000
112379 0.000 0.000 0.000 0.000
126996 0.000 0.000 0.000 0.000
103024 0.000 0.000 0.000 0.000
102926 0.000 0.000 0.000 0.000
126830 0.000 0.000 0.000 0.000
109091 0.000 0.000 0.000 0.000
21079 0.000 0.000 0.000 0.000
106119 0.000 0.000 0.000 0.000
123278 0.000 0.000 0.000 0.000
123315 0.000 0.000 0.000 0.000
123329 0.000 0.000 0.000 0.000
102968 0.000 0.000 0.000 0.000
103017 0.000 0.000 0.000 0.000
102922 0.000 0.000 0.000 0.000
112319 0.000 0.000 0.000 0.000
106125 0.000 0.000 0.000 0.000
15203 0.000 0.000 0.000 0.000
119644 0.000 0.000 0.000 0.000
106117 0.000 0.000 0.000 0.000
102969 0.000 0.000 0.000 0.000
119631 0.000 0.000 0.000 0.000
16355 0.000 0.000 0.000 0.000
102982 0.000 0.000 0.000 0.000
102937 0.000 0.000 0.000 0.000
102928 0.000 0.000 0.000 0.000
14161 0.000 0.000 0.000 0.000
126714 0.000 0.000 0.000 0.000
87919 0.000 0.000 0.000 0.000
102880 0.000 0.000 0.000 0.000
102984 0.000 0.000 0.000 0.000
21176 0.000 0.000 0.000 0.000
17577 0.000 0.000 0.000 0.000
102936 0.000 0.000 0.000 0.000
112386 0.000 0.000 0.000 0.000
16356 0.000 0.000 0.000 0.000
126748 0.000 0.000 0.000 0.000
112408 0.000 0.000 0.000 0.000
12125 0.000 0.000 0.000 0.000
102932 0.000 0.000 0.000 0.000
109095 0.000 0.000 0.000 0.000
14190 0.000 0.000 0.000 0.000
119582 0.000 0.000 0.000 0.000
84870 0.000 0.000 0.000 0.000
126747 0.000 0.000 0.000 0.000
106074 0.000 0.000 0.000 0.000
102921 0.000 0.000 0.000 0.000
112384 0.000 0.000 0.000 0.000
13138 0.000 0.000 0.000 0.000
102881 0.000 0.000 0.000 0.000
112382 0.000 0.000 0.000 0.000
102980 0.000 0.000 0.000 0.000
102983 0.000 0.000 0.000 0.000
7129 0.000 0.000 0.000 0.000
106173 0.000 0.000 0.000 0.000
9060 0.000 0.000 0.000 0.000
102927 0.000 0.000 0.000 0.000
109098 0.000 0.000 0.000 0.000
112320 0.000 0.000 0.000 0.000
18790 0.000 0.000 0.000 0.000
17565 0.000 0.000 0.000 0.000
12106 0.000 0.000 0.000 0.000
106116 0.000 0.000 0.000 0.000
112405 0.000 0.000 0.000 0.000
119645 0.000 0.000 0.000 0.000
126829 0.000 0.000 0.000 0.000
99789 0.000 0.000 0.000 0.000
106162 0.000 0.000 0.000 0.000
112330 0.000 0.000 0.000 0.000
102975 0.000 0.000 0.000 0.000
90666 0.000 0.000 0.000 0.000
112394 0.000 0.000 0.000 0.000
130098 0.000 0.000 0.000 0.000
112385 0.000 0.000 0.000 0.000
21064 0.000 0.000 0.000 0.000
21177 0.000 0.000 0.000 0.000
102929 0.000 0.000 0.000 0.000
103031 0.000 0.000 0.000 0.000
112395 0.000 0.000 0.000 0.000
90744 0.000 0.000 0.000 0.000
106114 0.000 0.000 0.000 0.000
112380 0.000 0.000 0.000 0.000
16321 0.000 0.000 0.000 0.000
102924 0.000 0.000 0.000 0.000
9081 0.000 0.000 0.000 0.000
13172 0.000 0.000 0.000 0.000
87837 0.000 0.000 0.000 0.000
106113 0.000 0.000 0.000 0.000
99673 0.000 0.000 0.000 0.000
102976 0.000 0.000 0.000 0.000
115874 0.000 0.000 0.000 0.000
8012 0.000 0.000 0.000 0.000
15228 0.000 0.000 0.000 0.000
99794 0.000 0.000 0.000 0.000
106129 0.000 0.000 0.000 0.000
123372 0.000 0.000 0.000 0.000
99790 0.000 0.000 0.000 0.000
112377 0.000 0.000 0.000 0.000
