#!ascii label  , from subject  vox2ras=TkReg
200
20021 0.000 0.000 0.000 0.000
123178 0.000 0.000 0.000 0.000
123405 0.000 0.000 0.000 0.000
123181 0.000 0.000 0.000 0.000
123134 0.000 0.000 0.000 0.000
19922 0.000 0.000 0.000 0.000
123180 0.000 0.000 0.000 0.000
123468 0.000 0.000 0.000 0.000
18762 0.000 0.000 0.000 0.000
119563 0.000 0.000 0.000 0.000
126830 0.000 0.000 0.000 0.000
123469 0.000 0.000 0.000 0.000
123188 0.000 0.000 0.000 0.000
123329 0.000 0.000 0.000 0.000
126921 0.000 0.000 0.000 0.000
126978 0.000 0.000 0.000 0.000
18746 0.000 0.000 0.000 0.000
123179 0.000 0.000 0.000 0.000
18763 0.000 0.000 0.000 0.000
18745 0.000 0.000 0.000 0.000
115886 0.000 0.000 0.000 0.000
133498 0.000 0.000 0.000 0.000
18796 0.000 0.000 0.000 0.000
22224 0.000 0.000 0.000 0.000
115888 0.000 0.000 0.000 0.000
133496 0.000 0.000 0.000 0.000
123328 0.000 0.000 0.000 0.000
130151 0.000 0.000 0.000 0.000
137558 0.000 0.000 0.000 0.000
17584 0.000 0.000 0.000 0.000
133522 0.000 0.000 0.000 0.000
119643 0.000 0.000 0.000 0.000
21156 0.000 0.000 0.000 0.000
123315 0.000 0.000 0.000 0.000
130403 0.000 0.000 0.000 0.000
133523 0.000 0.000 0.000 0.000
119644 0.000 0.000 0.000 0.000
112348 0.000 0.000 0.000 0.000
119568 0.000 0.000 0.000 0.000
23534 0.000 0.000 0.000 0.000
123184 0.000 0.000 0.000 0.000
130150 0.000 0.000 0.000 0.000
115852 0.000 0.000 0.000 0.000
119642 0.000 0.000 0.000 0.000
119553 0.000 0.000 0.000 0.000
133497 0.000 0.000 0.000 0.000
115860 0.000 0.000 0.000 0.000
126828 0.000 0.000 0.000 0.000
115913 0.000 0.000 0.000 0.000
137559 0.000 0.000 0.000 0.000
119646 0.000 0.000 0.000 0.000
23554 0.000 0.000 0.000 0.000
23484 0.000 0.000 0.000 0.000
126716 0.000 0.000 0.000 0.000
123182 0.000 0.000 0.000 0.000
130105 0.000 0.000 0.000 0.000
112460 0.000 0.000 0.000 0.000
19934 0.000 0.000 0.000 0.000
133436 0.000 0.000 0.000 0.000
115887 0.000 0.000 0.000 0.000
137643 0.000 0.000 0.000 0.000
115853 0.000 0.000 0.000 0.000
126920 0.000 0.000 0.000 0.000
123185 0.000 0.000 0.000 0.000
119660 0.000 0.000 0.000 0.000
21078 0.000 0.000 0.000 0.000
137706 0.000 0.000 0.000 0.000
115910 0.000 0.000 0.000 0.000
22213 0.000 0.000 0.000 0.000
19985 0.000 0.000 0.000 0.000
17577 0.000 0.000 0.000 0.000
130152 0.000 0.000 0.000 0.000
112349 0.000 0.000 0.000 0.000
126715 0.000 0.000 0.000 0.000
119552 0.000 0.000 0.000 0.000
21176 0.000 0.000 0.000 0.000
23515 0.000 0.000 0.000 0.000
119645 0.000 0.000 0.000 0.000
16365 0.000 0.000 0.000 0.000
19965 0.000 0.000 0.000 0.000
112347 0.000 0.000 0.000 0.000
130179 0.000 0.000 0.000 0.000
126996 0.000 0.000 0.000 0.000
130099 0.000 0.000 0.000 0.000
115908 0.000 0.000 0.000 0.000
130358 0.000 0.000 0.000 0.000
130097 0.000 0.000 0.000 0.000
115912 0.000 0.000 0.000 0.000
130147 0.000 0.000 0.000 0.000
119619 0.000 0.000 0.000 0.000
21079 0.000 0.000 0.000 0.000
137641 0.000 0.000 0.000 0.000
133568 0.000 0.000 0.000 0.000
130230 0.000 0.000 0.000 0.000
17571 0.000 0.000 0.000 0.000
119551 0.000 0.000 0.000 0.000
126977 0.000 0.000 0.000 0.000
123313 0.000 0.000 0.000 0.000
126714 0.000 0.000 0.000 0.000
130103 0.000 0.000 0.000 0.000
137707 0.000 0.000 0.000 0.000
112343 0.000 0.000 0.000 0.000
18761 0.000 0.000 0.000 0.000
133431 0.000 0.000 0.000 0.000
130231 0.000 0.000 0.000 0.000
123187 0.000 0.000 0.000 0.000
115850 0.000 0.000 0.000 0.000
133435 0.000 0.000 0.000 0.000
21132 0.000 0.000 0.000 0.000
23535 0.000 0.000 0.000 0.000
109170 0.000 0.000 0.000 0.000
115858 0.000 0.000 0.000 0.000
133524 0.000 0.000 0.000 0.000
119562 0.000 0.000 0.000 0.000
112344 0.000 0.000 0.000 0.000
119632 0.000 0.000 0.000 0.000
126818 0.000 0.000 0.000 0.000
130098 0.000 0.000 0.000 0.000
112350 0.000 0.000 0.000 0.000
112340 0.000 0.000 0.000 0.000
115909 0.000 0.000 0.000 0.000
126829 0.000 0.000 0.000 0.000
17572 0.000 0.000 0.000 0.000
130240 0.000 0.000 0.000 0.000
133434 0.000 0.000 0.000 0.000
137560 0.000 0.000 0.000 0.000
17583 0.000 0.000 0.000 0.000
119561 0.000 0.000 0.000 0.000
123214 0.000 0.000 0.000 0.000
119550 0.000 0.000 0.000 0.000
21177 0.000 0.000 0.000 0.000
16364 0.000 0.000 0.000 0.000
18790 0.000 0.000 0.000 0.000
130104 0.000 0.000 0.000 0.000
115914 0.000 0.000 0.000 0.000
137710 0.000 0.000 0.000 0.000
119635 0.000 0.000 0.000 0.000
21063 0.000 0.000 0.000 0.000
126995 0.000 0.000 0.000 0.000
15222 0.000 0.000 0.000 0.000
130239 0.000 0.000 0.000 0.000
137642 0.000 0.000 0.000 0.000
112345 0.000 0.000 0.000 0.000
123330 0.000 0.000 0.000 0.000
16334 0.000 0.000 0.000 0.000
23555 0.000 0.000 0.000 0.000
130330 0.000 0.000 0.000 0.000
15223 0.000 0.000 0.000 0.000
126997 0.000 0.000 0.000 0.000
130328 0.000 0.000 0.000 0.000
130404 0.000 0.000 0.000 0.000
15193 0.000 0.000 0.000 0.000
112315 0.000 0.000 0.000 0.000
112341 0.000 0.000 0.000 0.000
133567 0.000 0.000 0.000 0.000
112305 0.000 0.000 0.000 0.000
123314 0.000 0.000 0.000 0.000
123213 0.000 0.000 0.000 0.000
112342 0.000 0.000 0.000 0.000
15192 0.000 0.000 0.000 0.000
130096 0.000 0.000 0.000 0.000
119555 0.000 0.000 0.000 0.000
130100 0.000 0.000 0.000 0.000
137563 0.000 0.000 0.000 0.000
126922 0.000 0.000 0.000 0.000
21089 0.000 0.000 0.000 0.000
119557 0.000 0.000 0.000 0.000
130148 0.000 0.000 0.000 0.000
22234 0.000 0.000 0.000 0.000
112500 0.000 0.000 0.000 0.000
115911 0.000 0.000 0.000 0.000
126746 0.000 0.000 0.000 0.000
130178 0.000 0.000 0.000 0.000
22192 0.000 0.000 0.000 0.000
17578 0.000 0.000 0.000 0.000
17534 0.000 0.000 0.000 0.000
126992 0.000 0.000 0.000 0.000
106034 0.000 0.000 0.000 0.000
109168 0.000 0.000 0.000 0.000
119659 0.000 0.000 0.000 0.000
16376 0.000 0.000 0.000 0.000
21064 0.000 0.000 0.000 0.000
133569 0.000 0.000 0.000 0.000
115916 0.000 0.000 0.000 0.000
119580 0.000 0.000 0.000 0.000
119582 0.000 0.000 0.000 0.000
123183 0.000 0.000 0.000 0.000
123372 0.000 0.000 0.000 0.000
19943 0.000 0.000 0.000 0.000
133565 0.000 0.000 0.000 0.000
119633 0.000 0.000 0.000 0.000
20006 0.000 0.000 0.000 0.000
20000 0.000 0.000 0.000 0.000
119631 0.000 0.000 0.000 0.000
123186 0.000 0.000 0.000 0.000
109161 0.000 0.000 0.000 0.000
126982 0.000 0.000 0.000 0.000
133609 0.000 0.000 0.000 0.000
16377 0.000 0.000 0.000 0.000
126747 0.000 0.000 0.000 0.000
