#!ascii label  , from subject  vox2ras=TkReg
131
71412 0.000 0.000 0.000 0.000
68978 0.000 0.000 0.000 0.000
68980 0.000 0.000 0.000 0.000
68979 0.000 0.000 0.000 0.000
71410 0.000 0.000 0.000 0.000
17622 0.000 0.000 0.000 0.000
9240 0.000 0.000 0.000 0.000
66031 0.000 0.000 0.000 0.000
17595 0.000 0.000 0.000 0.000
9915 0.000 0.000 0.000 0.000
23579 0.000 0.000 0.000 0.000
24872 0.000 0.000 0.000 0.000
17624 0.000 0.000 0.000 0.000
9205 0.000 0.000 0.000 0.000
8135 0.000 0.000 0.000 0.000
9213 0.000 0.000 0.000 0.000
69028 0.000 0.000 0.000 0.000
76469 0.000 0.000 0.000 0.000
66467 0.000 0.000 0.000 0.000
9211 0.000 0.000 0.000 0.000
11144 0.000 0.000 0.000 0.000
11152 0.000 0.000 0.000 0.000
9186 0.000 0.000 0.000 0.000
71822 0.000 0.000 0.000 0.000
9207 0.000 0.000 0.000 0.000
11151 0.000 0.000 0.000 0.000
68982 0.000 0.000 0.000 0.000
66570 0.000 0.000 0.000 0.000
11143 0.000 0.000 0.000 0.000
9209 0.000 0.000 0.000 0.000
9189 0.000 0.000 0.000 0.000
9239 0.000 0.000 0.000 0.000
8099 0.000 0.000 0.000 0.000
69027 0.000 0.000 0.000 0.000
11169 0.000 0.000 0.000 0.000
14152 0.000 0.000 0.000 0.000
17602 0.000 0.000 0.000 0.000
8133 0.000 0.000 0.000 0.000
69024 0.000 0.000 0.000 0.000
1137 0.000 0.000 0.000 0.000
69029 0.000 0.000 0.000 0.000
17584 0.000 0.000 0.000 0.000
17623 0.000 0.000 0.000 0.000
71591 0.000 0.000 0.000 0.000
66527 0.000 0.000 0.000 0.000
9234 0.000 0.000 0.000 0.000
66563 0.000 0.000 0.000 0.000
9241 0.000 0.000 0.000 0.000
11153 0.000 0.000 0.000 0.000
78705 0.000 0.000 0.000 0.000
66452 0.000 0.000 0.000 0.000
9212 0.000 0.000 0.000 0.000
71823 0.000 0.000 0.000 0.000
78704 0.000 0.000 0.000 0.000
11175 0.000 0.000 0.000 0.000
9217 0.000 0.000 0.000 0.000
9187 0.000 0.000 0.000 0.000
68983 0.000 0.000 0.000 0.000
8132 0.000 0.000 0.000 0.000
9218 0.000 0.000 0.000 0.000
8101 0.000 0.000 0.000 0.000
14173 0.000 0.000 0.000 0.000
78576 0.000 0.000 0.000 0.000
87798 0.000 0.000 0.000 0.000
1173 0.000 0.000 0.000 0.000
76467 0.000 0.000 0.000 0.000
68977 0.000 0.000 0.000 0.000
78642 0.000 0.000 0.000 0.000
78643 0.000 0.000 0.000 0.000
6157 0.000 0.000 0.000 0.000
9210 0.000 0.000 0.000 0.000
78703 0.000 0.000 0.000 0.000
9912 0.000 0.000 0.000 0.000
8125 0.000 0.000 0.000 0.000
1190 0.000 0.000 0.000 0.000
11389 0.000 0.000 0.000 0.000
11392 0.000 0.000 0.000 0.000
2933 0.000 0.000 0.000 0.000
9219 0.000 0.000 0.000 0.000
74876 0.000 0.000 0.000 0.000
87684 0.000 0.000 0.000 0.000
69076 0.000 0.000 0.000 0.000
68981 0.000 0.000 0.000 0.000
87797 0.000 0.000 0.000 0.000
71619 0.000 0.000 0.000 0.000
3080 0.000 0.000 0.000 0.000
68984 0.000 0.000 0.000 0.000
78691 0.000 0.000 0.000 0.000
78692 0.000 0.000 0.000 0.000
14153 0.000 0.000 0.000 0.000
73656 0.000 0.000 0.000 0.000
71824 0.000 0.000 0.000 0.000
6169 0.000 0.000 0.000 0.000
11195 0.000 0.000 0.000 0.000
66526 0.000 0.000 0.000 0.000
66582 0.000 0.000 0.000 0.000
87841 0.000 0.000 0.000 0.000
71641 0.000 0.000 0.000 0.000
78776 0.000 0.000 0.000 0.000
14150 0.000 0.000 0.000 0.000
23576 0.000 0.000 0.000 0.000
66572 0.000 0.000 0.000 0.000
87845 0.000 0.000 0.000 0.000
66465 0.000 0.000 0.000 0.000
78689 0.000 0.000 0.000 0.000
76538 0.000 0.000 0.000 0.000
8130 0.000 0.000 0.000 0.000
9916 0.000 0.000 0.000 0.000
80735 0.000 0.000 0.000 0.000
78693 0.000 0.000 0.000 0.000
9190 0.000 0.000 0.000 0.000
9917 0.000 0.000 0.000 0.000
76539 0.000 0.000 0.000 0.000
1128 0.000 0.000 0.000 0.000
9204 0.000 0.000 0.000 0.000
8131 0.000 0.000 0.000 0.000
6196 0.000 0.000 0.000 0.000
87843 0.000 0.000 0.000 0.000
71411 0.000 0.000 0.000 0.000
87990 0.000 0.000 0.000 0.000
88042 0.000 0.000 0.000 0.000
80742 0.000 0.000 0.000 0.000
1189 0.000 0.000 0.000 0.000
78675 0.000 0.000 0.000 0.000
6080 0.000 0.000 0.000 0.000
82020 0.000 0.000 0.000 0.000
66528 0.000 0.000 0.000 0.000
80726 0.000 0.000 0.000 0.000
2914 0.000 0.000 0.000 0.000
8100 0.000 0.000 0.000 0.000
71819 0.000 0.000 0.000 0.000
