#!ascii label  , from subject  vox2ras=TkReg
165
15358 0.000 0.000 0.000 0.000
85061 0.000 0.000 0.000 0.000
81989 0.000 0.000 0.000 0.000
82018 0.000 0.000 0.000 0.000
81991 0.000 0.000 0.000 0.000
80733 0.000 0.000 0.000 0.000
78576 0.000 0.000 0.000 0.000
2493 0.000 0.000 0.000 0.000
82802 0.000 0.000 0.000 0.000
76468 0.000 0.000 0.000 0.000
82801 0.000 0.000 0.000 0.000
15359 0.000 0.000 0.000 0.000
85059 0.000 0.000 0.000 0.000
21116 0.000 0.000 0.000 0.000
76677 0.000 0.000 0.000 0.000
2480 0.000 0.000 0.000 0.000
1165 0.000 0.000 0.000 0.000
76691 0.000 0.000 0.000 0.000
21114 0.000 0.000 0.000 0.000
85054 0.000 0.000 0.000 0.000
73535 0.000 0.000 0.000 0.000
85057 0.000 0.000 0.000 0.000
76465 0.000 0.000 0.000 0.000
73537 0.000 0.000 0.000 0.000
73498 0.000 0.000 0.000 0.000
85055 0.000 0.000 0.000 0.000
76469 0.000 0.000 0.000 0.000
73499 0.000 0.000 0.000 0.000
73532 0.000 0.000 0.000 0.000
73534 0.000 0.000 0.000 0.000
1168 0.000 0.000 0.000 0.000
80731 0.000 0.000 0.000 0.000
73562 0.000 0.000 0.000 0.000
73560 0.000 0.000 0.000 0.000
70356 0.000 0.000 0.000 0.000
2010 0.000 0.000 0.000 0.000
15347 0.000 0.000 0.000 0.000
85060 0.000 0.000 0.000 0.000
68029 0.000 0.000 0.000 0.000
73523 0.000 0.000 0.000 0.000
80723 0.000 0.000 0.000 0.000
2481 0.000 0.000 0.000 0.000
73490 0.000 0.000 0.000 0.000
73563 0.000 0.000 0.000 0.000
78734 0.000 0.000 0.000 0.000
68071 0.000 0.000 0.000 0.000
2882 0.000 0.000 0.000 0.000
73522 0.000 0.000 0.000 0.000
21115 0.000 0.000 0.000 0.000
82016 0.000 0.000 0.000 0.000
82812 0.000 0.000 0.000 0.000
68082 0.000 0.000 0.000 0.000
73529 0.000 0.000 0.000 0.000
76679 0.000 0.000 0.000 0.000
82019 0.000 0.000 0.000 0.000
85133 0.000 0.000 0.000 0.000
15356 0.000 0.000 0.000 0.000
2011 0.000 0.000 0.000 0.000
73606 0.000 0.000 0.000 0.000
84480 0.000 0.000 0.000 0.000
73564 0.000 0.000 0.000 0.000
82800 0.000 0.000 0.000 0.000
85062 0.000 0.000 0.000 0.000
68031 0.000 0.000 0.000 0.000
82814 0.000 0.000 0.000 0.000
70435 0.000 0.000 0.000 0.000
70357 0.000 0.000 0.000 0.000
68030 0.000 0.000 0.000 0.000
73533 0.000 0.000 0.000 0.000
82813 0.000 0.000 0.000 0.000
85106 0.000 0.000 0.000 0.000
85056 0.000 0.000 0.000 0.000
85064 0.000 0.000 0.000 0.000
85053 0.000 0.000 0.000 0.000
68079 0.000 0.000 0.000 0.000
70337 0.000 0.000 0.000 0.000
76467 0.000 0.000 0.000 0.000
68080 0.000 0.000 0.000 0.000
76466 0.000 0.000 0.000 0.000
73531 0.000 0.000 0.000 0.000
73527 0.000 0.000 0.000 0.000
68088 0.000 0.000 0.000 0.000
84439 0.000 0.000 0.000 0.000
68089 0.000 0.000 0.000 0.000
2557 0.000 0.000 0.000 0.000
9920 0.000 0.000 0.000 0.000
73488 0.000 0.000 0.000 0.000
73486 0.000 0.000 0.000 0.000
73530 0.000 0.000 0.000 0.000
2515 0.000 0.000 0.000 0.000
2492 0.000 0.000 0.000 0.000
85058 0.000 0.000 0.000 0.000
70436 0.000 0.000 0.000 0.000
81988 0.000 0.000 0.000 0.000
73565 0.000 0.000 0.000 0.000
73495 0.000 0.000 0.000 0.000
73489 0.000 0.000 0.000 0.000
87149 0.000 0.000 0.000 0.000
2892 0.000 0.000 0.000 0.000
73536 0.000 0.000 0.000 0.000
81987 0.000 0.000 0.000 0.000
15344 0.000 0.000 0.000 0.000
2564 0.000 0.000 0.000 0.000
23461 0.000 0.000 0.000 0.000
73566 0.000 0.000 0.000 0.000
80732 0.000 0.000 0.000 0.000
8222 0.000 0.000 0.000 0.000
73561 0.000 0.000 0.000 0.000
82826 0.000 0.000 0.000 0.000
78726 0.000 0.000 0.000 0.000
85120 0.000 0.000 0.000 0.000
78735 0.000 0.000 0.000 0.000
87340 0.000 0.000 0.000 0.000
85132 0.000 0.000 0.000 0.000
78725 0.000 0.000 0.000 0.000
16443 0.000 0.000 0.000 0.000
1127 0.000 0.000 0.000 0.000
85063 0.000 0.000 0.000 0.000
73543 0.000 0.000 0.000 0.000
1998 0.000 0.000 0.000 0.000
84438 0.000 0.000 0.000 0.000
73541 0.000 0.000 0.000 0.000
68086 0.000 0.000 0.000 0.000
76678 0.000 0.000 0.000 0.000
23484 0.000 0.000 0.000 0.000
1979 0.000 0.000 0.000 0.000
23457 0.000 0.000 0.000 0.000
85119 0.000 0.000 0.000 0.000
70358 0.000 0.000 0.000 0.000
71347 0.000 0.000 0.000 0.000
2519 0.000 0.000 0.000 0.000
22257 0.000 0.000 0.000 0.000
84549 0.000 0.000 0.000 0.000
81990 0.000 0.000 0.000 0.000
73494 0.000 0.000 0.000 0.000
15351 0.000 0.000 0.000 0.000
84283 0.000 0.000 0.000 0.000
80727 0.000 0.000 0.000 0.000
84478 0.000 0.000 0.000 0.000
70333 0.000 0.000 0.000 0.000
73585 0.000 0.000 0.000 0.000
76720 0.000 0.000 0.000 0.000
80724 0.000 0.000 0.000 0.000
76674 0.000 0.000 0.000 0.000
22259 0.000 0.000 0.000 0.000
23490 0.000 0.000 0.000 0.000
73491 0.000 0.000 0.000 0.000
20018 0.000 0.000 0.000 0.000
2516 0.000 0.000 0.000 0.000
73538 0.000 0.000 0.000 0.000
9950 0.000 0.000 0.000 0.000
2506 0.000 0.000 0.000 0.000
73586 0.000 0.000 0.000 0.000
84440 0.000 0.000 0.000 0.000
73497 0.000 0.000 0.000 0.000
20028 0.000 0.000 0.000 0.000
20013 0.000 0.000 0.000 0.000
1099 0.000 0.000 0.000 0.000
73493 0.000 0.000 0.000 0.000
82803 0.000 0.000 0.000 0.000
78763 0.000 0.000 0.000 0.000
80619 0.000 0.000 0.000 0.000
76673 0.000 0.000 0.000 0.000
73567 0.000 0.000 0.000 0.000
70441 0.000 0.000 0.000 0.000
