#!ascii label  , from subject  vox2ras=TkReg
167
78576 0.000 0.000 0.000 0.000
85054 0.000 0.000 0.000 0.000
84283 0.000 0.000 0.000 0.000
85133 0.000 0.000 0.000 0.000
76468 0.000 0.000 0.000 0.000
85055 0.000 0.000 0.000 0.000
85106 0.000 0.000 0.000 0.000
85132 0.000 0.000 0.000 0.000
2519 0.000 0.000 0.000 0.000
85121 0.000 0.000 0.000 0.000
84549 0.000 0.000 0.000 0.000
2518 0.000 0.000 0.000 0.000
76469 0.000 0.000 0.000 0.000
80731 0.000 0.000 0.000 0.000
82019 0.000 0.000 0.000 0.000
85124 0.000 0.000 0.000 0.000
84480 0.000 0.000 0.000 0.000
2480 0.000 0.000 0.000 0.000
81991 0.000 0.000 0.000 0.000
2010 0.000 0.000 0.000 0.000
85053 0.000 0.000 0.000 0.000
84551 0.000 0.000 0.000 0.000
82018 0.000 0.000 0.000 0.000
2516 0.000 0.000 0.000 0.000
85120 0.000 0.000 0.000 0.000
80733 0.000 0.000 0.000 0.000
84478 0.000 0.000 0.000 0.000
81989 0.000 0.000 0.000 0.000
84514 0.000 0.000 0.000 0.000
76466 0.000 0.000 0.000 0.000
85119 0.000 0.000 0.000 0.000
80723 0.000 0.000 0.000 0.000
82803 0.000 0.000 0.000 0.000
1165 0.000 0.000 0.000 0.000
80727 0.000 0.000 0.000 0.000
85107 0.000 0.000 0.000 0.000
1127 0.000 0.000 0.000 0.000
76467 0.000 0.000 0.000 0.000
85085 0.000 0.000 0.000 0.000
84439 0.000 0.000 0.000 0.000
87521 0.000 0.000 0.000 0.000
2493 0.000 0.000 0.000 0.000
85099 0.000 0.000 0.000 0.000
2011 0.000 0.000 0.000 0.000
82814 0.000 0.000 0.000 0.000
1168 0.000 0.000 0.000 0.000
2896 0.000 0.000 0.000 0.000
84543 0.000 0.000 0.000 0.000
84552 0.000 0.000 0.000 0.000
84547 0.000 0.000 0.000 0.000
2506 0.000 0.000 0.000 0.000
2505 0.000 0.000 0.000 0.000
84546 0.000 0.000 0.000 0.000
84263 0.000 0.000 0.000 0.000
82847 0.000 0.000 0.000 0.000
84280 0.000 0.000 0.000 0.000
85061 0.000 0.000 0.000 0.000
80732 0.000 0.000 0.000 0.000
80647 0.000 0.000 0.000 0.000
85130 0.000 0.000 0.000 0.000
85129 0.000 0.000 0.000 0.000
82852 0.000 0.000 0.000 0.000
85056 0.000 0.000 0.000 0.000
84373 0.000 0.000 0.000 0.000
84550 0.000 0.000 0.000 0.000
81953 0.000 0.000 0.000 0.000
85057 0.000 0.000 0.000 0.000
2496 0.000 0.000 0.000 0.000
85087 0.000 0.000 0.000 0.000
80728 0.000 0.000 0.000 0.000
82810 0.000 0.000 0.000 0.000
85104 0.000 0.000 0.000 0.000
84545 0.000 0.000 0.000 0.000
84282 0.000 0.000 0.000 0.000
84542 0.000 0.000 0.000 0.000
82828 0.000 0.000 0.000 0.000
2515 0.000 0.000 0.000 0.000
82812 0.000 0.000 0.000 0.000
1998 0.000 0.000 0.000 0.000
82802 0.000 0.000 0.000 0.000
85105 0.000 0.000 0.000 0.000
81988 0.000 0.000 0.000 0.000
1997 0.000 0.000 0.000 0.000
76465 0.000 0.000 0.000 0.000
85123 0.000 0.000 0.000 0.000
2494 0.000 0.000 0.000 0.000
2895 0.000 0.000 0.000 0.000
80724 0.000 0.000 0.000 0.000
1995 0.000 0.000 0.000 0.000
2485 0.000 0.000 0.000 0.000
82813 0.000 0.000 0.000 0.000
82801 0.000 0.000 0.000 0.000
84548 0.000 0.000 0.000 0.000
84321 0.000 0.000 0.000 0.000
82799 0.000 0.000 0.000 0.000
1981 0.000 0.000 0.000 0.000
2517 0.000 0.000 0.000 0.000
1978 0.000 0.000 0.000 0.000
85052 0.000 0.000 0.000 0.000
84479 0.000 0.000 0.000 0.000
81990 0.000 0.000 0.000 0.000
85059 0.000 0.000 0.000 0.000
82851 0.000 0.000 0.000 0.000
80722 0.000 0.000 0.000 0.000
84318 0.000 0.000 0.000 0.000
1992 0.000 0.000 0.000 0.000
85109 0.000 0.000 0.000 0.000
69044 0.000 0.000 0.000 0.000
85098 0.000 0.000 0.000 0.000
85131 0.000 0.000 0.000 0.000
81920 0.000 0.000 0.000 0.000
84515 0.000 0.000 0.000 0.000
82826 0.000 0.000 0.000 0.000
84510 0.000 0.000 0.000 0.000
85058 0.000 0.000 0.000 0.000
2492 0.000 0.000 0.000 0.000
69025 0.000 0.000 0.000 0.000
2009 0.000 0.000 0.000 0.000
84316 0.000 0.000 0.000 0.000
84442 0.000 0.000 0.000 0.000
71611 0.000 0.000 0.000 0.000
2484 0.000 0.000 0.000 0.000
1974 0.000 0.000 0.000 0.000
84315 0.000 0.000 0.000 0.000
84372 0.000 0.000 0.000 0.000
71591 0.000 0.000 0.000 0.000
84511 0.000 0.000 0.000 0.000
85127 0.000 0.000 0.000 0.000
80643 0.000 0.000 0.000 0.000
1989 0.000 0.000 0.000 0.000
84482 0.000 0.000 0.000 0.000
82797 0.000 0.000 0.000 0.000
1996 0.000 0.000 0.000 0.000
85122 0.000 0.000 0.000 0.000
76967 0.000 0.000 0.000 0.000
69026 0.000 0.000 0.000 0.000
1999 0.000 0.000 0.000 0.000
82811 0.000 0.000 0.000 0.000
82846 0.000 0.000 0.000 0.000
2481 0.000 0.000 0.000 0.000
85063 0.000 0.000 0.000 0.000
81986 0.000 0.000 0.000 0.000
76447 0.000 0.000 0.000 0.000
81987 0.000 0.000 0.000 0.000
84438 0.000 0.000 0.000 0.000
85086 0.000 0.000 0.000 0.000
85128 0.000 0.000 0.000 0.000
84284 0.000 0.000 0.000 0.000
82798 0.000 0.000 0.000 0.000
2508 0.000 0.000 0.000 0.000
2497 0.000 0.000 0.000 0.000
1980 0.000 0.000 0.000 0.000
81951 0.000 0.000 0.000 0.000
84512 0.000 0.000 0.000 0.000
80730 0.000 0.000 0.000 0.000
82815 0.000 0.000 0.000 0.000
71814 0.000 0.000 0.000 0.000
84544 0.000 0.000 0.000 0.000
84441 0.000 0.000 0.000 0.000
2486 0.000 0.000 0.000 0.000
85060 0.000 0.000 0.000 0.000
82800 0.000 0.000 0.000 0.000
78734 0.000 0.000 0.000 0.000
80741 0.000 0.000 0.000 0.000
85100 0.000 0.000 0.000 0.000
82834 0.000 0.000 0.000 0.000
71813 0.000 0.000 0.000 0.000
