#!ascii label  , from subject  vox2ras=TkReg
168
2010 0.000 0.000 0.000 0.000
82019 0.000 0.000 0.000 0.000
69025 0.000 0.000 0.000 0.000
87521 0.000 0.000 0.000 0.000
71611 0.000 0.000 0.000 0.000
81989 0.000 0.000 0.000 0.000
71591 0.000 0.000 0.000 0.000
82018 0.000 0.000 0.000 0.000
2009 0.000 0.000 0.000 0.000
2519 0.000 0.000 0.000 0.000
84543 0.000 0.000 0.000 0.000
78576 0.000 0.000 0.000 0.000
71610 0.000 0.000 0.000 0.000
81988 0.000 0.000 0.000 0.000
84318 0.000 0.000 0.000 0.000
84283 0.000 0.000 0.000 0.000
2011 0.000 0.000 0.000 0.000
84280 0.000 0.000 0.000 0.000
84282 0.000 0.000 0.000 0.000
81990 0.000 0.000 0.000 0.000
84321 0.000 0.000 0.000 0.000
84320 0.000 0.000 0.000 0.000
85106 0.000 0.000 0.000 0.000
71618 0.000 0.000 0.000 0.000
71613 0.000 0.000 0.000 0.000
82847 0.000 0.000 0.000 0.000
2518 0.000 0.000 0.000 0.000
82851 0.000 0.000 0.000 0.000
69026 0.000 0.000 0.000 0.000
2506 0.000 0.000 0.000 0.000
84549 0.000 0.000 0.000 0.000
80731 0.000 0.000 0.000 0.000
2515 0.000 0.000 0.000 0.000
84542 0.000 0.000 0.000 0.000
1165 0.000 0.000 0.000 0.000
84478 0.000 0.000 0.000 0.000
76469 0.000 0.000 0.000 0.000
69044 0.000 0.000 0.000 0.000
2508 0.000 0.000 0.000 0.000
80727 0.000 0.000 0.000 0.000
84514 0.000 0.000 0.000 0.000
84480 0.000 0.000 0.000 0.000
1998 0.000 0.000 0.000 0.000
81920 0.000 0.000 0.000 0.000
80733 0.000 0.000 0.000 0.000
76467 0.000 0.000 0.000 0.000
84439 0.000 0.000 0.000 0.000
2507 0.000 0.000 0.000 0.000
84284 0.000 0.000 0.000 0.000
76468 0.000 0.000 0.000 0.000
80730 0.000 0.000 0.000 0.000
1187 0.000 0.000 0.000 0.000
84551 0.000 0.000 0.000 0.000
81987 0.000 0.000 0.000 0.000
84547 0.000 0.000 0.000 0.000
84548 0.000 0.000 0.000 0.000
1127 0.000 0.000 0.000 0.000
85110 0.000 0.000 0.000 0.000
1981 0.000 0.000 0.000 0.000
81991 0.000 0.000 0.000 0.000
82852 0.000 0.000 0.000 0.000
81953 0.000 0.000 0.000 0.000
84552 0.000 0.000 0.000 0.000
81986 0.000 0.000 0.000 0.000
2895 0.000 0.000 0.000 0.000
84322 0.000 0.000 0.000 0.000
85104 0.000 0.000 0.000 0.000
84315 0.000 0.000 0.000 0.000
82813 0.000 0.000 0.000 0.000
84263 0.000 0.000 0.000 0.000
78751 0.000 0.000 0.000 0.000
85107 0.000 0.000 0.000 0.000
1100 0.000 0.000 0.000 0.000
71412 0.000 0.000 0.000 0.000
80649 0.000 0.000 0.000 0.000
80742 0.000 0.000 0.000 0.000
73491 0.000 0.000 0.000 0.000
80650 0.000 0.000 0.000 0.000
80723 0.000 0.000 0.000 0.000
80732 0.000 0.000 0.000 0.000
76466 0.000 0.000 0.000 0.000
71615 0.000 0.000 0.000 0.000
85109 0.000 0.000 0.000 0.000
69043 0.000 0.000 0.000 0.000
80741 0.000 0.000 0.000 0.000
2516 0.000 0.000 0.000 0.000
1980 0.000 0.000 0.000 0.000
84319 0.000 0.000 0.000 0.000
84316 0.000 0.000 0.000 0.000
78757 0.000 0.000 0.000 0.000
71612 0.000 0.000 0.000 0.000
68982 0.000 0.000 0.000 0.000
78738 0.000 0.000 0.000 0.000
71814 0.000 0.000 0.000 0.000
82826 0.000 0.000 0.000 0.000
84373 0.000 0.000 0.000 0.000
82834 0.000 0.000 0.000 0.000
1982 0.000 0.000 0.000 0.000
84545 0.000 0.000 0.000 0.000
1999 0.000 0.000 0.000 0.000
80728 0.000 0.000 0.000 0.000
71614 0.000 0.000 0.000 0.000
1103 0.000 0.000 0.000 0.000
85120 0.000 0.000 0.000 0.000
2493 0.000 0.000 0.000 0.000
84325 0.000 0.000 0.000 0.000
87520 0.000 0.000 0.000 0.000
84511 0.000 0.000 0.000 0.000
84482 0.000 0.000 0.000 0.000
1997 0.000 0.000 0.000 0.000
80651 0.000 0.000 0.000 0.000
80648 0.000 0.000 0.000 0.000
85130 0.000 0.000 0.000 0.000
69024 0.000 0.000 0.000 0.000
78706 0.000 0.000 0.000 0.000
81951 0.000 0.000 0.000 0.000
84324 0.000 0.000 0.000 0.000
80735 0.000 0.000 0.000 0.000
78688 0.000 0.000 0.000 0.000
82812 0.000 0.000 0.000 0.000
82828 0.000 0.000 0.000 0.000
84323 0.000 0.000 0.000 0.000
76447 0.000 0.000 0.000 0.000
82814 0.000 0.000 0.000 0.000
84442 0.000 0.000 0.000 0.000
85061 0.000 0.000 0.000 0.000
85133 0.000 0.000 0.000 0.000
80739 0.000 0.000 0.000 0.000
85121 0.000 0.000 0.000 0.000
71410 0.000 0.000 0.000 0.000
80669 0.000 0.000 0.000 0.000
85125 0.000 0.000 0.000 0.000
84513 0.000 0.000 0.000 0.000
78642 0.000 0.000 0.000 0.000
80724 0.000 0.000 0.000 0.000
84510 0.000 0.000 0.000 0.000
80722 0.000 0.000 0.000 0.000
84515 0.000 0.000 0.000 0.000
1168 0.000 0.000 0.000 0.000
71813 0.000 0.000 0.000 0.000
84264 0.000 0.000 0.000 0.000
71616 0.000 0.000 0.000 0.000
2505 0.000 0.000 0.000 0.000
74742 0.000 0.000 0.000 0.000
85132 0.000 0.000 0.000 0.000
84440 0.000 0.000 0.000 0.000
80667 0.000 0.000 0.000 0.000
1137 0.000 0.000 0.000 0.000
71815 0.000 0.000 0.000 0.000
1992 0.000 0.000 0.000 0.000
1994 0.000 0.000 0.000 0.000
71645 0.000 0.000 0.000 0.000
80740 0.000 0.000 0.000 0.000
74769 0.000 0.000 0.000 0.000
85122 0.000 0.000 0.000 0.000
80672 0.000 0.000 0.000 0.000
74741 0.000 0.000 0.000 0.000
84550 0.000 0.000 0.000 0.000
68983 0.000 0.000 0.000 0.000
78678 0.000 0.000 0.000 0.000
74743 0.000 0.000 0.000 0.000
2494 0.000 0.000 0.000 0.000
74770 0.000 0.000 0.000 0.000
85124 0.000 0.000 0.000 0.000
2896 0.000 0.000 0.000 0.000
84546 0.000 0.000 0.000 0.000
2000 0.000 0.000 0.000 0.000
1984 0.000 0.000 0.000 0.000
