#!ascii label  , from subject  vox2ras=TkReg
130
71412 0.000 0.000 0.000 0.000
68980 0.000 0.000 0.000 0.000
11169 0.000 0.000 0.000 0.000
68979 0.000 0.000 0.000 0.000
9207 0.000 0.000 0.000 0.000
11151 0.000 0.000 0.000 0.000
71410 0.000 0.000 0.000 0.000
9186 0.000 0.000 0.000 0.000
68978 0.000 0.000 0.000 0.000
9205 0.000 0.000 0.000 0.000
11143 0.000 0.000 0.000 0.000
11175 0.000 0.000 0.000 0.000
68984 0.000 0.000 0.000 0.000
9209 0.000 0.000 0.000 0.000
11168 0.000 0.000 0.000 0.000
66031 0.000 0.000 0.000 0.000
11171 0.000 0.000 0.000 0.000
17622 0.000 0.000 0.000 0.000
68985 0.000 0.000 0.000 0.000
17595 0.000 0.000 0.000 0.000
9188 0.000 0.000 0.000 0.000
66563 0.000 0.000 0.000 0.000
68986 0.000 0.000 0.000 0.000
9203 0.000 0.000 0.000 0.000
9230 0.000 0.000 0.000 0.000
17624 0.000 0.000 0.000 0.000
66570 0.000 0.000 0.000 0.000
23579 0.000 0.000 0.000 0.000
8099 0.000 0.000 0.000 0.000
87797 0.000 0.000 0.000 0.000
69028 0.000 0.000 0.000 0.000
11144 0.000 0.000 0.000 0.000
9204 0.000 0.000 0.000 0.000
66528 0.000 0.000 0.000 0.000
13392 0.000 0.000 0.000 0.000
65997 0.000 0.000 0.000 0.000
71822 0.000 0.000 0.000 0.000
87684 0.000 0.000 0.000 0.000
71411 0.000 0.000 0.000 0.000
9213 0.000 0.000 0.000 0.000
24872 0.000 0.000 0.000 0.000
76469 0.000 0.000 0.000 0.000
66527 0.000 0.000 0.000 0.000
66467 0.000 0.000 0.000 0.000
9187 0.000 0.000 0.000 0.000
8133 0.000 0.000 0.000 0.000
68993 0.000 0.000 0.000 0.000
9210 0.000 0.000 0.000 0.000
71591 0.000 0.000 0.000 0.000
87798 0.000 0.000 0.000 0.000
66564 0.000 0.000 0.000 0.000
2914 0.000 0.000 0.000 0.000
11182 0.000 0.000 0.000 0.000
73492 0.000 0.000 0.000 0.000
2933 0.000 0.000 0.000 0.000
87742 0.000 0.000 0.000 0.000
68983 0.000 0.000 0.000 0.000
69024 0.000 0.000 0.000 0.000
69032 0.000 0.000 0.000 0.000
66525 0.000 0.000 0.000 0.000
87799 0.000 0.000 0.000 0.000
17623 0.000 0.000 0.000 0.000
11153 0.000 0.000 0.000 0.000
66450 0.000 0.000 0.000 0.000
9240 0.000 0.000 0.000 0.000
8129 0.000 0.000 0.000 0.000
9190 0.000 0.000 0.000 0.000
8125 0.000 0.000 0.000 0.000
68996 0.000 0.000 0.000 0.000
17584 0.000 0.000 0.000 0.000
1137 0.000 0.000 0.000 0.000
87739 0.000 0.000 0.000 0.000
9239 0.000 0.000 0.000 0.000
66524 0.000 0.000 0.000 0.000
71820 0.000 0.000 0.000 0.000
8135 0.000 0.000 0.000 0.000
66526 0.000 0.000 0.000 0.000
80735 0.000 0.000 0.000 0.000
14173 0.000 0.000 0.000 0.000
68981 0.000 0.000 0.000 0.000
3061 0.000 0.000 0.000 0.000
9234 0.000 0.000 0.000 0.000
6196 0.000 0.000 0.000 0.000
8101 0.000 0.000 0.000 0.000
8146 0.000 0.000 0.000 0.000
66572 0.000 0.000 0.000 0.000
8098 0.000 0.000 0.000 0.000
9202 0.000 0.000 0.000 0.000
73491 0.000 0.000 0.000 0.000
9189 0.000 0.000 0.000 0.000
8130 0.000 0.000 0.000 0.000
11170 0.000 0.000 0.000 0.000
87843 0.000 0.000 0.000 0.000
66582 0.000 0.000 0.000 0.000
8168 0.000 0.000 0.000 0.000
73656 0.000 0.000 0.000 0.000
87990 0.000 0.000 0.000 0.000
68982 0.000 0.000 0.000 0.000
76467 0.000 0.000 0.000 0.000
71823 0.000 0.000 0.000 0.000
11389 0.000 0.000 0.000 0.000
9211 0.000 0.000 0.000 0.000
11152 0.000 0.000 0.000 0.000
69078 0.000 0.000 0.000 0.000
80305 0.000 0.000 0.000 0.000
69076 0.000 0.000 0.000 0.000
71619 0.000 0.000 0.000 0.000
76539 0.000 0.000 0.000 0.000
73663 0.000 0.000 0.000 0.000
69031 0.000 0.000 0.000 0.000
9216 0.000 0.000 0.000 0.000
80726 0.000 0.000 0.000 0.000
87744 0.000 0.000 0.000 0.000
8131 0.000 0.000 0.000 0.000
80739 0.000 0.000 0.000 0.000
76543 0.000 0.000 0.000 0.000
66523 0.000 0.000 0.000 0.000
76542 0.000 0.000 0.000 0.000
76569 0.000 0.000 0.000 0.000
9915 0.000 0.000 0.000 0.000
87538 0.000 0.000 0.000 0.000
6981 0.000 0.000 0.000 0.000
87743 0.000 0.000 0.000 0.000
66448 0.000 0.000 0.000 0.000
71824 0.000 0.000 0.000 0.000
66465 0.000 0.000 0.000 0.000
11392 0.000 0.000 0.000 0.000
76544 0.000 0.000 0.000 0.000
87841 0.000 0.000 0.000 0.000
76538 0.000 0.000 0.000 0.000
