#!ascii label  , from subject  vox2ras=TkReg
161
68983 0.000 0.000 0.000 0.000
68981 0.000 0.000 0.000 0.000
68982 0.000 0.000 0.000 0.000
9207 0.000 0.000 0.000 0.000
68977 0.000 0.000 0.000 0.000
68980 0.000 0.000 0.000 0.000
68978 0.000 0.000 0.000 0.000
9203 0.000 0.000 0.000 0.000
24840 0.000 0.000 0.000 0.000
71410 0.000 0.000 0.000 0.000
9202 0.000 0.000 0.000 0.000
8155 0.000 0.000 0.000 0.000
9208 0.000 0.000 0.000 0.000
9206 0.000 0.000 0.000 0.000
11169 0.000 0.000 0.000 0.000
68979 0.000 0.000 0.000 0.000
9230 0.000 0.000 0.000 0.000
24870 0.000 0.000 0.000 0.000
11168 0.000 0.000 0.000 0.000
11171 0.000 0.000 0.000 0.000
69024 0.000 0.000 0.000 0.000
71412 0.000 0.000 0.000 0.000
74931 0.000 0.000 0.000 0.000
80325 0.000 0.000 0.000 0.000
9205 0.000 0.000 0.000 0.000
24839 0.000 0.000 0.000 0.000
66031 0.000 0.000 0.000 0.000
23576 0.000 0.000 0.000 0.000
24841 0.000 0.000 0.000 0.000
69025 0.000 0.000 0.000 0.000
78159 0.000 0.000 0.000 0.000
1571 0.000 0.000 0.000 0.000
85109 0.000 0.000 0.000 0.000
78157 0.000 0.000 0.000 0.000
13429 0.000 0.000 0.000 0.000
78158 0.000 0.000 0.000 0.000
74879 0.000 0.000 0.000 0.000
85110 0.000 0.000 0.000 0.000
9204 0.000 0.000 0.000 0.000
78231 0.000 0.000 0.000 0.000
24871 0.000 0.000 0.000 0.000
80725 0.000 0.000 0.000 0.000
82017 0.000 0.000 0.000 0.000
599 0.000 0.000 0.000 0.000
11173 0.000 0.000 0.000 0.000
80722 0.000 0.000 0.000 0.000
1128 0.000 0.000 0.000 0.000
23579 0.000 0.000 0.000 0.000
13392 0.000 0.000 0.000 0.000
80724 0.000 0.000 0.000 0.000
82016 0.000 0.000 0.000 0.000
66570 0.000 0.000 0.000 0.000
1127 0.000 0.000 0.000 0.000
8127 0.000 0.000 0.000 0.000
80297 0.000 0.000 0.000 0.000
68984 0.000 0.000 0.000 0.000
66521 0.000 0.000 0.000 0.000
80728 0.000 0.000 0.000 0.000
1172 0.000 0.000 0.000 0.000
9229 0.000 0.000 0.000 0.000
2507 0.000 0.000 0.000 0.000
11170 0.000 0.000 0.000 0.000
1188 0.000 0.000 0.000 0.000
4674 0.000 0.000 0.000 0.000
71411 0.000 0.000 0.000 0.000
80733 0.000 0.000 0.000 0.000
2880 0.000 0.000 0.000 0.000
2508 0.000 0.000 0.000 0.000
5335 0.000 0.000 0.000 0.000
82471 0.000 0.000 0.000 0.000
80650 0.000 0.000 0.000 0.000
2011 0.000 0.000 0.000 0.000
69026 0.000 0.000 0.000 0.000
80723 0.000 0.000 0.000 0.000
80739 0.000 0.000 0.000 0.000
80731 0.000 0.000 0.000 0.000
8157 0.000 0.000 0.000 0.000
24872 0.000 0.000 0.000 0.000
17539 0.000 0.000 0.000 0.000
82020 0.000 0.000 0.000 0.000
80727 0.000 0.000 0.000 0.000
66527 0.000 0.000 0.000 0.000
82018 0.000 0.000 0.000 0.000
84319 0.000 0.000 0.000 0.000
78690 0.000 0.000 0.000 0.000
80729 0.000 0.000 0.000 0.000
84321 0.000 0.000 0.000 0.000
78586 0.000 0.000 0.000 0.000
9188 0.000 0.000 0.000 0.000
80732 0.000 0.000 0.000 0.000
78233 0.000 0.000 0.000 0.000
84264 0.000 0.000 0.000 0.000
13443 0.000 0.000 0.000 0.000
23570 0.000 0.000 0.000 0.000
71591 0.000 0.000 0.000 0.000
80726 0.000 0.000 0.000 0.000
1168 0.000 0.000 0.000 0.000
74880 0.000 0.000 0.000 0.000
13451 0.000 0.000 0.000 0.000
11175 0.000 0.000 0.000 0.000
78678 0.000 0.000 0.000 0.000
66572 0.000 0.000 0.000 0.000
11143 0.000 0.000 0.000 0.000
583 0.000 0.000 0.000 0.000
1570 0.000 0.000 0.000 0.000
68986 0.000 0.000 0.000 0.000
5339 0.000 0.000 0.000 0.000
74929 0.000 0.000 0.000 0.000
78098 0.000 0.000 0.000 0.000
84320 0.000 0.000 0.000 0.000
78766 0.000 0.000 0.000 0.000
1129 0.000 0.000 0.000 0.000
78706 0.000 0.000 0.000 0.000
68985 0.000 0.000 0.000 0.000
84966 0.000 0.000 0.000 0.000
80258 0.000 0.000 0.000 0.000
8153 0.000 0.000 0.000 0.000
80305 0.000 0.000 0.000 0.000
2394 0.000 0.000 0.000 0.000
82019 0.000 0.000 0.000 0.000
80669 0.000 0.000 0.000 0.000
69044 0.000 0.000 0.000 0.000
78585 0.000 0.000 0.000 0.000
80649 0.000 0.000 0.000 0.000
1189 0.000 0.000 0.000 0.000
78688 0.000 0.000 0.000 0.000
5338 0.000 0.000 0.000 0.000
82588 0.000 0.000 0.000 0.000
80730 0.000 0.000 0.000 0.000
84316 0.000 0.000 0.000 0.000
6188 0.000 0.000 0.000 0.000
5336 0.000 0.000 0.000 0.000
1103 0.000 0.000 0.000 0.000
84552 0.000 0.000 0.000 0.000
84917 0.000 0.000 0.000 0.000
84317 0.000 0.000 0.000 0.000
2428 0.000 0.000 0.000 0.000
1998 0.000 0.000 0.000 0.000
66571 0.000 0.000 0.000 0.000
1982 0.000 0.000 0.000 0.000
80257 0.000 0.000 0.000 0.000
85014 0.000 0.000 0.000 0.000
66522 0.000 0.000 0.000 0.000
78576 0.000 0.000 0.000 0.000
17555 0.000 0.000 0.000 0.000
80667 0.000 0.000 0.000 0.000
1169 0.000 0.000 0.000 0.000
87521 0.000 0.000 0.000 0.000
17538 0.000 0.000 0.000 0.000
84322 0.000 0.000 0.000 0.000
78592 0.000 0.000 0.000 0.000
66563 0.000 0.000 0.000 0.000
81991 0.000 0.000 0.000 0.000
8065 0.000 0.000 0.000 0.000
84323 0.000 0.000 0.000 0.000
9976 0.000 0.000 0.000 0.000
78207 0.000 0.000 0.000 0.000
78587 0.000 0.000 0.000 0.000
84965 0.000 0.000 0.000 0.000
6960 0.000 0.000 0.000 0.000
80734 0.000 0.000 0.000 0.000
