#!ascii label  , from subject  vox2ras=TkReg
173
81989 0.000 0.000 0.000 0.000
1165 0.000 0.000 0.000 0.000
82018 0.000 0.000 0.000 0.000
81991 0.000 0.000 0.000 0.000
80733 0.000 0.000 0.000 0.000
2010 0.000 0.000 0.000 0.000
1168 0.000 0.000 0.000 0.000
76677 0.000 0.000 0.000 0.000
21114 0.000 0.000 0.000 0.000
70436 0.000 0.000 0.000 0.000
2493 0.000 0.000 0.000 0.000
85061 0.000 0.000 0.000 0.000
81987 0.000 0.000 0.000 0.000
82814 0.000 0.000 0.000 0.000
80723 0.000 0.000 0.000 0.000
81988 0.000 0.000 0.000 0.000
85055 0.000 0.000 0.000 0.000
76691 0.000 0.000 0.000 0.000
82016 0.000 0.000 0.000 0.000
73560 0.000 0.000 0.000 0.000
68080 0.000 0.000 0.000 0.000
73562 0.000 0.000 0.000 0.000
80731 0.000 0.000 0.000 0.000
82019 0.000 0.000 0.000 0.000
2494 0.000 0.000 0.000 0.000
85056 0.000 0.000 0.000 0.000
68088 0.000 0.000 0.000 0.000
2882 0.000 0.000 0.000 0.000
81986 0.000 0.000 0.000 0.000
70441 0.000 0.000 0.000 0.000
81990 0.000 0.000 0.000 0.000
85058 0.000 0.000 0.000 0.000
81953 0.000 0.000 0.000 0.000
85059 0.000 0.000 0.000 0.000
2480 0.000 0.000 0.000 0.000
85060 0.000 0.000 0.000 0.000
68090 0.000 0.000 0.000 0.000
85057 0.000 0.000 0.000 0.000
2481 0.000 0.000 0.000 0.000
85063 0.000 0.000 0.000 0.000
78576 0.000 0.000 0.000 0.000
76468 0.000 0.000 0.000 0.000
85062 0.000 0.000 0.000 0.000
76469 0.000 0.000 0.000 0.000
82813 0.000 0.000 0.000 0.000
85064 0.000 0.000 0.000 0.000
2011 0.000 0.000 0.000 0.000
15351 0.000 0.000 0.000 0.000
76465 0.000 0.000 0.000 0.000
70443 0.000 0.000 0.000 0.000
78735 0.000 0.000 0.000 0.000
80724 0.000 0.000 0.000 0.000
76678 0.000 0.000 0.000 0.000
78734 0.000 0.000 0.000 0.000
76674 0.000 0.000 0.000 0.000
85054 0.000 0.000 0.000 0.000
68079 0.000 0.000 0.000 0.000
15358 0.000 0.000 0.000 0.000
2892 0.000 0.000 0.000 0.000
82801 0.000 0.000 0.000 0.000
82812 0.000 0.000 0.000 0.000
21115 0.000 0.000 0.000 0.000
73563 0.000 0.000 0.000 0.000
1127 0.000 0.000 0.000 0.000
81951 0.000 0.000 0.000 0.000
81920 0.000 0.000 0.000 0.000
68082 0.000 0.000 0.000 0.000
76679 0.000 0.000 0.000 0.000
15347 0.000 0.000 0.000 0.000
68089 0.000 0.000 0.000 0.000
15356 0.000 0.000 0.000 0.000
73537 0.000 0.000 0.000 0.000
68031 0.000 0.000 0.000 0.000
76467 0.000 0.000 0.000 0.000
2515 0.000 0.000 0.000 0.000
73531 0.000 0.000 0.000 0.000
82828 0.000 0.000 0.000 0.000
15353 0.000 0.000 0.000 0.000
68029 0.000 0.000 0.000 0.000
68030 0.000 0.000 0.000 0.000
78751 0.000 0.000 0.000 0.000
80732 0.000 0.000 0.000 0.000
78757 0.000 0.000 0.000 0.000
84480 0.000 0.000 0.000 0.000
73535 0.000 0.000 0.000 0.000
1998 0.000 0.000 0.000 0.000
73534 0.000 0.000 0.000 0.000
73522 0.000 0.000 0.000 0.000
82802 0.000 0.000 0.000 0.000
73565 0.000 0.000 0.000 0.000
85111 0.000 0.000 0.000 0.000
73530 0.000 0.000 0.000 0.000
2009 0.000 0.000 0.000 0.000
84440 0.000 0.000 0.000 0.000
80727 0.000 0.000 0.000 0.000
76466 0.000 0.000 0.000 0.000
78725 0.000 0.000 0.000 0.000
73498 0.000 0.000 0.000 0.000
78733 0.000 0.000 0.000 0.000
73490 0.000 0.000 0.000 0.000
73529 0.000 0.000 0.000 0.000
15344 0.000 0.000 0.000 0.000
76673 0.000 0.000 0.000 0.000
73499 0.000 0.000 0.000 0.000
85120 0.000 0.000 0.000 0.000
73523 0.000 0.000 0.000 0.000
78737 0.000 0.000 0.000 0.000
76669 0.000 0.000 0.000 0.000
85118 0.000 0.000 0.000 0.000
84551 0.000 0.000 0.000 0.000
73532 0.000 0.000 0.000 0.000
76676 0.000 0.000 0.000 0.000
73720 0.000 0.000 0.000 0.000
73658 0.000 0.000 0.000 0.000
80728 0.000 0.000 0.000 0.000
1164 0.000 0.000 0.000 0.000
73561 0.000 0.000 0.000 0.000
80721 0.000 0.000 0.000 0.000
73533 0.000 0.000 0.000 0.000
84316 0.000 0.000 0.000 0.000
80722 0.000 0.000 0.000 0.000
73489 0.000 0.000 0.000 0.000
70435 0.000 0.000 0.000 0.000
73586 0.000 0.000 0.000 0.000
73494 0.000 0.000 0.000 0.000
8245 0.000 0.000 0.000 0.000
76675 0.000 0.000 0.000 0.000
73564 0.000 0.000 0.000 0.000
1187 0.000 0.000 0.000 0.000
1186 0.000 0.000 0.000 0.000
9920 0.000 0.000 0.000 0.000
84439 0.000 0.000 0.000 0.000
1979 0.000 0.000 0.000 0.000
78726 0.000 0.000 0.000 0.000
9950 0.000 0.000 0.000 0.000
85112 0.000 0.000 0.000 0.000
87519 0.000 0.000 0.000 0.000
73585 0.000 0.000 0.000 0.000
73536 0.000 0.000 0.000 0.000
73657 0.000 0.000 0.000 0.000
68221 0.000 0.000 0.000 0.000
80716 0.000 0.000 0.000 0.000
73486 0.000 0.000 0.000 0.000
70358 0.000 0.000 0.000 0.000
82826 0.000 0.000 0.000 0.000
80725 0.000 0.000 0.000 0.000
1989 0.000 0.000 0.000 0.000
78644 0.000 0.000 0.000 0.000
70437 0.000 0.000 0.000 0.000
80742 0.000 0.000 0.000 0.000
81919 0.000 0.000 0.000 0.000
85119 0.000 0.000 0.000 0.000
82803 0.000 0.000 0.000 0.000
15359 0.000 0.000 0.000 0.000
80713 0.000 0.000 0.000 0.000
80714 0.000 0.000 0.000 0.000
2509 0.000 0.000 0.000 0.000
84550 0.000 0.000 0.000 0.000
82833 0.000 0.000 0.000 0.000
84552 0.000 0.000 0.000 0.000
2516 0.000 0.000 0.000 0.000
68092 0.000 0.000 0.000 0.000
80647 0.000 0.000 0.000 0.000
82017 0.000 0.000 0.000 0.000
84478 0.000 0.000 0.000 0.000
80645 0.000 0.000 0.000 0.000
68093 0.000 0.000 0.000 0.000
84372 0.000 0.000 0.000 0.000
73566 0.000 0.000 0.000 0.000
1172 0.000 0.000 0.000 0.000
73655 0.000 0.000 0.000 0.000
21116 0.000 0.000 0.000 0.000
73491 0.000 0.000 0.000 0.000
