#!ascii label  , from subject  vox2ras=TkReg
153
68093 0.000 0.000 0.000 0.000
70442 0.000 0.000 0.000 0.000
15338 0.000 0.000 0.000 0.000
12508 0.000 0.000 0.000 0.000
73562 0.000 0.000 0.000 0.000
1172 0.000 0.000 0.000 0.000
78644 0.000 0.000 0.000 0.000
13107 0.000 0.000 0.000 0.000
78706 0.000 0.000 0.000 0.000
76677 0.000 0.000 0.000 0.000
70441 0.000 0.000 0.000 0.000
80717 0.000 0.000 0.000 0.000
80742 0.000 0.000 0.000 0.000
15336 0.000 0.000 0.000 0.000
15339 0.000 0.000 0.000 0.000
76567 0.000 0.000 0.000 0.000
1169 0.000 0.000 0.000 0.000
15337 0.000 0.000 0.000 0.000
12507 0.000 0.000 0.000 0.000
73560 0.000 0.000 0.000 0.000
21117 0.000 0.000 0.000 0.000
76678 0.000 0.000 0.000 0.000
76568 0.000 0.000 0.000 0.000
78674 0.000 0.000 0.000 0.000
76643 0.000 0.000 0.000 0.000
78725 0.000 0.000 0.000 0.000
15350 0.000 0.000 0.000 0.000
15347 0.000 0.000 0.000 0.000
68092 0.000 0.000 0.000 0.000
78670 0.000 0.000 0.000 0.000
15344 0.000 0.000 0.000 0.000
12506 0.000 0.000 0.000 0.000
78654 0.000 0.000 0.000 0.000
78645 0.000 0.000 0.000 0.000
13123 0.000 0.000 0.000 0.000
1137 0.000 0.000 0.000 0.000
76692 0.000 0.000 0.000 0.000
68090 0.000 0.000 0.000 0.000
2003 0.000 0.000 0.000 0.000
13121 0.000 0.000 0.000 0.000
78642 0.000 0.000 0.000 0.000
12488 0.000 0.000 0.000 0.000
82020 0.000 0.000 0.000 0.000
78692 0.000 0.000 0.000 0.000
81986 0.000 0.000 0.000 0.000
68221 0.000 0.000 0.000 0.000
78675 0.000 0.000 0.000 0.000
76604 0.000 0.000 0.000 0.000
81920 0.000 0.000 0.000 0.000
1187 0.000 0.000 0.000 0.000
76602 0.000 0.000 0.000 0.000
76544 0.000 0.000 0.000 0.000
13122 0.000 0.000 0.000 0.000
1152 0.000 0.000 0.000 0.000
68091 0.000 0.000 0.000 0.000
1190 0.000 0.000 0.000 0.000
76694 0.000 0.000 0.000 0.000
78688 0.000 0.000 0.000 0.000
73655 0.000 0.000 0.000 0.000
78677 0.000 0.000 0.000 0.000
78755 0.000 0.000 0.000 0.000
78576 0.000 0.000 0.000 0.000
78751 0.000 0.000 0.000 0.000
12505 0.000 0.000 0.000 0.000
76696 0.000 0.000 0.000 0.000
70444 0.000 0.000 0.000 0.000
11054 0.000 0.000 0.000 0.000
78738 0.000 0.000 0.000 0.000
1173 0.000 0.000 0.000 0.000
73703 0.000 0.000 0.000 0.000
12485 0.000 0.000 0.000 0.000
15340 0.000 0.000 0.000 0.000
78691 0.000 0.000 0.000 0.000
15356 0.000 0.000 0.000 0.000
73653 0.000 0.000 0.000 0.000
12486 0.000 0.000 0.000 0.000
76588 0.000 0.000 0.000 0.000
12473 0.000 0.000 0.000 0.000
70443 0.000 0.000 0.000 0.000
74840 0.000 0.000 0.000 0.000
80721 0.000 0.000 0.000 0.000
1165 0.000 0.000 0.000 0.000
78640 0.000 0.000 0.000 0.000
15345 0.000 0.000 0.000 0.000
78676 0.000 0.000 0.000 0.000
78737 0.000 0.000 0.000 0.000
76468 0.000 0.000 0.000 0.000
78757 0.000 0.000 0.000 0.000
78693 0.000 0.000 0.000 0.000
74742 0.000 0.000 0.000 0.000
80650 0.000 0.000 0.000 0.000
71612 0.000 0.000 0.000 0.000
73533 0.000 0.000 0.000 0.000
12504 0.000 0.000 0.000 0.000
76569 0.000 0.000 0.000 0.000
73536 0.000 0.000 0.000 0.000
81953 0.000 0.000 0.000 0.000
1185 0.000 0.000 0.000 0.000
78733 0.000 0.000 0.000 0.000
73656 0.000 0.000 0.000 0.000
74841 0.000 0.000 0.000 0.000
78678 0.000 0.000 0.000 0.000
78689 0.000 0.000 0.000 0.000
78776 0.000 0.000 0.000 0.000
74836 0.000 0.000 0.000 0.000
11053 0.000 0.000 0.000 0.000
15358 0.000 0.000 0.000 0.000
78636 0.000 0.000 0.000 0.000
76698 0.000 0.000 0.000 0.000
71412 0.000 0.000 0.000 0.000
68254 0.000 0.000 0.000 0.000
70437 0.000 0.000 0.000 0.000
78690 0.000 0.000 0.000 0.000
14152 0.000 0.000 0.000 0.000
76693 0.000 0.000 0.000 0.000
14154 0.000 0.000 0.000 0.000
76469 0.000 0.000 0.000 0.000
73650 0.000 0.000 0.000 0.000
74819 0.000 0.000 0.000 0.000
76676 0.000 0.000 0.000 0.000
76642 0.000 0.000 0.000 0.000
68097 0.000 0.000 0.000 0.000
76703 0.000 0.000 0.000 0.000
76605 0.000 0.000 0.000 0.000
78756 0.000 0.000 0.000 0.000
76603 0.000 0.000 0.000 0.000
84373 0.000 0.000 0.000 0.000
78641 0.000 0.000 0.000 0.000
82017 0.000 0.000 0.000 0.000
80667 0.000 0.000 0.000 0.000
73659 0.000 0.000 0.000 0.000
80716 0.000 0.000 0.000 0.000
15351 0.000 0.000 0.000 0.000
68088 0.000 0.000 0.000 0.000
84372 0.000 0.000 0.000 0.000
13457 0.000 0.000 0.000 0.000
76465 0.000 0.000 0.000 0.000
76695 0.000 0.000 0.000 0.000
15349 0.000 0.000 0.000 0.000
70436 0.000 0.000 0.000 0.000
76697 0.000 0.000 0.000 0.000
15332 0.000 0.000 0.000 0.000
74770 0.000 0.000 0.000 0.000
78723 0.000 0.000 0.000 0.000
74403 0.000 0.000 0.000 0.000
14134 0.000 0.000 0.000 0.000
13124 0.000 0.000 0.000 0.000
11390 0.000 0.000 0.000 0.000
15348 0.000 0.000 0.000 0.000
17578 0.000 0.000 0.000 0.000
70445 0.000 0.000 0.000 0.000
78724 0.000 0.000 0.000 0.000
70435 0.000 0.000 0.000 0.000
