#!ascii label  , from subject  vox2ras=TkReg
153
78576 0.000 0.000 0.000 0.000
85052 0.000 0.000 0.000 0.000
85053 0.000 0.000 0.000 0.000
76468 0.000 0.000 0.000 0.000
84439 0.000 0.000 0.000 0.000
84480 0.000 0.000 0.000 0.000
84283 0.000 0.000 0.000 0.000
85054 0.000 0.000 0.000 0.000
84478 0.000 0.000 0.000 0.000
84263 0.000 0.000 0.000 0.000
80647 0.000 0.000 0.000 0.000
85106 0.000 0.000 0.000 0.000
85133 0.000 0.000 0.000 0.000
82847 0.000 0.000 0.000 0.000
2516 0.000 0.000 0.000 0.000
80643 0.000 0.000 0.000 0.000
85061 0.000 0.000 0.000 0.000
84551 0.000 0.000 0.000 0.000
1997 0.000 0.000 0.000 0.000
82799 0.000 0.000 0.000 0.000
2519 0.000 0.000 0.000 0.000
82812 0.000 0.000 0.000 0.000
76469 0.000 0.000 0.000 0.000
2515 0.000 0.000 0.000 0.000
85124 0.000 0.000 0.000 0.000
82813 0.000 0.000 0.000 0.000
1981 0.000 0.000 0.000 0.000
84546 0.000 0.000 0.000 0.000
2486 0.000 0.000 0.000 0.000
85132 0.000 0.000 0.000 0.000
84552 0.000 0.000 0.000 0.000
1974 0.000 0.000 0.000 0.000
2896 0.000 0.000 0.000 0.000
82852 0.000 0.000 0.000 0.000
82846 0.000 0.000 0.000 0.000
82803 0.000 0.000 0.000 0.000
85130 0.000 0.000 0.000 0.000
2895 0.000 0.000 0.000 0.000
82801 0.000 0.000 0.000 0.000
85123 0.000 0.000 0.000 0.000
85055 0.000 0.000 0.000 0.000
2493 0.000 0.000 0.000 0.000
80645 0.000 0.000 0.000 0.000
76466 0.000 0.000 0.000 0.000
82851 0.000 0.000 0.000 0.000
84280 0.000 0.000 0.000 0.000
80642 0.000 0.000 0.000 0.000
84442 0.000 0.000 0.000 0.000
85085 0.000 0.000 0.000 0.000
82802 0.000 0.000 0.000 0.000
82019 0.000 0.000 0.000 0.000
2492 0.000 0.000 0.000 0.000
85099 0.000 0.000 0.000 0.000
84550 0.000 0.000 0.000 0.000
2506 0.000 0.000 0.000 0.000
1992 0.000 0.000 0.000 0.000
1989 0.000 0.000 0.000 0.000
87521 0.000 0.000 0.000 0.000
76467 0.000 0.000 0.000 0.000
1099 0.000 0.000 0.000 0.000
85121 0.000 0.000 0.000 0.000
84549 0.000 0.000 0.000 0.000
82828 0.000 0.000 0.000 0.000
84321 0.000 0.000 0.000 0.000
2496 0.000 0.000 0.000 0.000
2010 0.000 0.000 0.000 0.000
2505 0.000 0.000 0.000 0.000
80731 0.000 0.000 0.000 0.000
1996 0.000 0.000 0.000 0.000
2882 0.000 0.000 0.000 0.000
81989 0.000 0.000 0.000 0.000
84479 0.000 0.000 0.000 0.000
84547 0.000 0.000 0.000 0.000
85107 0.000 0.000 0.000 0.000
84373 0.000 0.000 0.000 0.000
85120 0.000 0.000 0.000 0.000
85119 0.000 0.000 0.000 0.000
81991 0.000 0.000 0.000 0.000
2480 0.000 0.000 0.000 0.000
2485 0.000 0.000 0.000 0.000
1168 0.000 0.000 0.000 0.000
82834 0.000 0.000 0.000 0.000
2011 0.000 0.000 0.000 0.000
84548 0.000 0.000 0.000 0.000
85098 0.000 0.000 0.000 0.000
82810 0.000 0.000 0.000 0.000
84316 0.000 0.000 0.000 0.000
84282 0.000 0.000 0.000 0.000
2484 0.000 0.000 0.000 0.000
80732 0.000 0.000 0.000 0.000
82018 0.000 0.000 0.000 0.000
82797 0.000 0.000 0.000 0.000
80733 0.000 0.000 0.000 0.000
16479 0.000 0.000 0.000 0.000
84514 0.000 0.000 0.000 0.000
71611 0.000 0.000 0.000 0.000
82826 0.000 0.000 0.000 0.000
74963 0.000 0.000 0.000 0.000
85059 0.000 0.000 0.000 0.000
2518 0.000 0.000 0.000 0.000
84315 0.000 0.000 0.000 0.000
85109 0.000 0.000 0.000 0.000
76465 0.000 0.000 0.000 0.000
84543 0.000 0.000 0.000 0.000
82814 0.000 0.000 0.000 0.000
74961 0.000 0.000 0.000 0.000
84284 0.000 0.000 0.000 0.000
84438 0.000 0.000 0.000 0.000
84317 0.000 0.000 0.000 0.000
16489 0.000 0.000 0.000 0.000
16482 0.000 0.000 0.000 0.000
80640 0.000 0.000 0.000 0.000
80723 0.000 0.000 0.000 0.000
82794 0.000 0.000 0.000 0.000
85083 0.000 0.000 0.000 0.000
85104 0.000 0.000 0.000 0.000
1165 0.000 0.000 0.000 0.000
85087 0.000 0.000 0.000 0.000
82800 0.000 0.000 0.000 0.000
85129 0.000 0.000 0.000 0.000
71613 0.000 0.000 0.000 0.000
78737 0.000 0.000 0.000 0.000
13367 0.000 0.000 0.000 0.000
69025 0.000 0.000 0.000 0.000
13370 0.000 0.000 0.000 0.000
80644 0.000 0.000 0.000 0.000
84372 0.000 0.000 0.000 0.000
80727 0.000 0.000 0.000 0.000
1995 0.000 0.000 0.000 0.000
71591 0.000 0.000 0.000 0.000
82798 0.000 0.000 0.000 0.000
16473 0.000 0.000 0.000 0.000
16478 0.000 0.000 0.000 0.000
85105 0.000 0.000 0.000 0.000
85125 0.000 0.000 0.000 0.000
82793 0.000 0.000 0.000 0.000
16487 0.000 0.000 0.000 0.000
16484 0.000 0.000 0.000 0.000
82815 0.000 0.000 0.000 0.000
84545 0.000 0.000 0.000 0.000
13366 0.000 0.000 0.000 0.000
78751 0.000 0.000 0.000 0.000
84510 0.000 0.000 0.000 0.000
1980 0.000 0.000 0.000 0.000
1973 0.000 0.000 0.000 0.000
2508 0.000 0.000 0.000 0.000
71612 0.000 0.000 0.000 0.000
1998 0.000 0.000 0.000 0.000
80615 0.000 0.000 0.000 0.000
76967 0.000 0.000 0.000 0.000
85122 0.000 0.000 0.000 0.000
84440 0.000 0.000 0.000 0.000
2517 0.000 0.000 0.000 0.000
