#!ascii label  , from subject  vox2ras=TkReg
164
15358 0.000 0.000 0.000 0.000
21115 0.000 0.000 0.000 0.000
68031 0.000 0.000 0.000 0.000
78576 0.000 0.000 0.000 0.000
15359 0.000 0.000 0.000 0.000
76468 0.000 0.000 0.000 0.000
82801 0.000 0.000 0.000 0.000
82800 0.000 0.000 0.000 0.000
70356 0.000 0.000 0.000 0.000
76719 0.000 0.000 0.000 0.000
85054 0.000 0.000 0.000 0.000
74366 0.000 0.000 0.000 0.000
82802 0.000 0.000 0.000 0.000
76469 0.000 0.000 0.000 0.000
73563 0.000 0.000 0.000 0.000
76721 0.000 0.000 0.000 0.000
73523 0.000 0.000 0.000 0.000
73560 0.000 0.000 0.000 0.000
73564 0.000 0.000 0.000 0.000
76465 0.000 0.000 0.000 0.000
73529 0.000 0.000 0.000 0.000
68079 0.000 0.000 0.000 0.000
76720 0.000 0.000 0.000 0.000
21116 0.000 0.000 0.000 0.000
2492 0.000 0.000 0.000 0.000
73606 0.000 0.000 0.000 0.000
73532 0.000 0.000 0.000 0.000
73498 0.000 0.000 0.000 0.000
73534 0.000 0.000 0.000 0.000
73562 0.000 0.000 0.000 0.000
78734 0.000 0.000 0.000 0.000
2480 0.000 0.000 0.000 0.000
81991 0.000 0.000 0.000 0.000
74364 0.000 0.000 0.000 0.000
73490 0.000 0.000 0.000 0.000
76467 0.000 0.000 0.000 0.000
85053 0.000 0.000 0.000 0.000
87340 0.000 0.000 0.000 0.000
85055 0.000 0.000 0.000 0.000
73522 0.000 0.000 0.000 0.000
68029 0.000 0.000 0.000 0.000
20018 0.000 0.000 0.000 0.000
1974 0.000 0.000 0.000 0.000
73581 0.000 0.000 0.000 0.000
73499 0.000 0.000 0.000 0.000
70337 0.000 0.000 0.000 0.000
82799 0.000 0.000 0.000 0.000
73588 0.000 0.000 0.000 0.000
15347 0.000 0.000 0.000 0.000
73537 0.000 0.000 0.000 0.000
2564 0.000 0.000 0.000 0.000
76691 0.000 0.000 0.000 0.000
73565 0.000 0.000 0.000 0.000
73535 0.000 0.000 0.000 0.000
76466 0.000 0.000 0.000 0.000
20020 0.000 0.000 0.000 0.000
73561 0.000 0.000 0.000 0.000
85061 0.000 0.000 0.000 0.000
82018 0.000 0.000 0.000 0.000
73527 0.000 0.000 0.000 0.000
85133 0.000 0.000 0.000 0.000
20019 0.000 0.000 0.000 0.000
68082 0.000 0.000 0.000 0.000
68080 0.000 0.000 0.000 0.000
70357 0.000 0.000 0.000 0.000
82214 0.000 0.000 0.000 0.000
85052 0.000 0.000 0.000 0.000
73587 0.000 0.000 0.000 0.000
73580 0.000 0.000 0.000 0.000
80733 0.000 0.000 0.000 0.000
73531 0.000 0.000 0.000 0.000
85106 0.000 0.000 0.000 0.000
73520 0.000 0.000 0.000 0.000
2493 0.000 0.000 0.000 0.000
76472 0.000 0.000 0.000 0.000
73539 0.000 0.000 0.000 0.000
73488 0.000 0.000 0.000 0.000
68089 0.000 0.000 0.000 0.000
82213 0.000 0.000 0.000 0.000
15356 0.000 0.000 0.000 0.000
76495 0.000 0.000 0.000 0.000
73530 0.000 0.000 0.000 0.000
73538 0.000 0.000 0.000 0.000
73486 0.000 0.000 0.000 0.000
71349 0.000 0.000 0.000 0.000
73493 0.000 0.000 0.000 0.000
9920 0.000 0.000 0.000 0.000
78763 0.000 0.000 0.000 0.000
82215 0.000 0.000 0.000 0.000
82798 0.000 0.000 0.000 0.000
1489 0.000 0.000 0.000 0.000
21113 0.000 0.000 0.000 0.000
82812 0.000 0.000 0.000 0.000
73491 0.000 0.000 0.000 0.000
84439 0.000 0.000 0.000 0.000
15360 0.000 0.000 0.000 0.000
73566 0.000 0.000 0.000 0.000
80644 0.000 0.000 0.000 0.000
73533 0.000 0.000 0.000 0.000
85057 0.000 0.000 0.000 0.000
87358 0.000 0.000 0.000 0.000
73536 0.000 0.000 0.000 0.000
80731 0.000 0.000 0.000 0.000
68030 0.000 0.000 0.000 0.000
76679 0.000 0.000 0.000 0.000
20022 0.000 0.000 0.000 0.000
71347 0.000 0.000 0.000 0.000
71399 0.000 0.000 0.000 0.000
84480 0.000 0.000 0.000 0.000
21114 0.000 0.000 0.000 0.000
73567 0.000 0.000 0.000 0.000
87259 0.000 0.000 0.000 0.000
70569 0.000 0.000 0.000 0.000
70487 0.000 0.000 0.000 0.000
74680 0.000 0.000 0.000 0.000
8222 0.000 0.000 0.000 0.000
13367 0.000 0.000 0.000 0.000
85059 0.000 0.000 0.000 0.000
73489 0.000 0.000 0.000 0.000
87343 0.000 0.000 0.000 0.000
20028 0.000 0.000 0.000 0.000
73569 0.000 0.000 0.000 0.000
73541 0.000 0.000 0.000 0.000
23457 0.000 0.000 0.000 0.000
20014 0.000 0.000 0.000 0.000
2557 0.000 0.000 0.000 0.000
70577 0.000 0.000 0.000 0.000
15357 0.000 0.000 0.000 0.000
70275 0.000 0.000 0.000 0.000
23461 0.000 0.000 0.000 0.000
16473 0.000 0.000 0.000 0.000
87196 0.000 0.000 0.000 0.000
15344 0.000 0.000 0.000 0.000
82167 0.000 0.000 0.000 0.000
68001 0.000 0.000 0.000 0.000
16498 0.000 0.000 0.000 0.000
16484 0.000 0.000 0.000 0.000
84697 0.000 0.000 0.000 0.000
67974 0.000 0.000 0.000 0.000
76723 0.000 0.000 0.000 0.000
73495 0.000 0.000 0.000 0.000
82803 0.000 0.000 0.000 0.000
73579 0.000 0.000 0.000 0.000
16478 0.000 0.000 0.000 0.000
81989 0.000 0.000 0.000 0.000
70279 0.000 0.000 0.000 0.000
20013 0.000 0.000 0.000 0.000
87149 0.000 0.000 0.000 0.000
76470 0.000 0.000 0.000 0.000
87341 0.000 0.000 0.000 0.000
70244 0.000 0.000 0.000 0.000
70435 0.000 0.000 0.000 0.000
70333 0.000 0.000 0.000 0.000
76717 0.000 0.000 0.000 0.000
70570 0.000 0.000 0.000 0.000
13356 0.000 0.000 0.000 0.000
87260 0.000 0.000 0.000 0.000
73497 0.000 0.000 0.000 0.000
73575 0.000 0.000 0.000 0.000
76447 0.000 0.000 0.000 0.000
16489 0.000 0.000 0.000 0.000
2555 0.000 0.000 0.000 0.000
16472 0.000 0.000 0.000 0.000
73604 0.000 0.000 0.000 0.000
