#!ascii label  , from subject  vox2ras=TkReg
164
68093 0.000 0.000 0.000 0.000
15344 0.000 0.000 0.000 0.000
15356 0.000 0.000 0.000 0.000
78725 0.000 0.000 0.000 0.000
15347 0.000 0.000 0.000 0.000
70442 0.000 0.000 0.000 0.000
1165 0.000 0.000 0.000 0.000
81989 0.000 0.000 0.000 0.000
81953 0.000 0.000 0.000 0.000
15339 0.000 0.000 0.000 0.000
73560 0.000 0.000 0.000 0.000
70441 0.000 0.000 0.000 0.000
78737 0.000 0.000 0.000 0.000
1172 0.000 0.000 0.000 0.000
15358 0.000 0.000 0.000 0.000
73650 0.000 0.000 0.000 0.000
78734 0.000 0.000 0.000 0.000
81988 0.000 0.000 0.000 0.000
78706 0.000 0.000 0.000 0.000
76678 0.000 0.000 0.000 0.000
78738 0.000 0.000 0.000 0.000
78726 0.000 0.000 0.000 0.000
78755 0.000 0.000 0.000 0.000
80742 0.000 0.000 0.000 0.000
73562 0.000 0.000 0.000 0.000
78674 0.000 0.000 0.000 0.000
78644 0.000 0.000 0.000 0.000
78676 0.000 0.000 0.000 0.000
78751 0.000 0.000 0.000 0.000
76568 0.000 0.000 0.000 0.000
78642 0.000 0.000 0.000 0.000
68221 0.000 0.000 0.000 0.000
76677 0.000 0.000 0.000 0.000
81986 0.000 0.000 0.000 0.000
15340 0.000 0.000 0.000 0.000
84372 0.000 0.000 0.000 0.000
68090 0.000 0.000 0.000 0.000
76567 0.000 0.000 0.000 0.000
78654 0.000 0.000 0.000 0.000
15332 0.000 0.000 0.000 0.000
81920 0.000 0.000 0.000 0.000
73537 0.000 0.000 0.000 0.000
80721 0.000 0.000 0.000 0.000
80717 0.000 0.000 0.000 0.000
1187 0.000 0.000 0.000 0.000
1137 0.000 0.000 0.000 0.000
73655 0.000 0.000 0.000 0.000
76691 0.000 0.000 0.000 0.000
73536 0.000 0.000 0.000 0.000
2010 0.000 0.000 0.000 0.000
21117 0.000 0.000 0.000 0.000
1152 0.000 0.000 0.000 0.000
73656 0.000 0.000 0.000 0.000
80732 0.000 0.000 0.000 0.000
73533 0.000 0.000 0.000 0.000
78757 0.000 0.000 0.000 0.000
68092 0.000 0.000 0.000 0.000
73534 0.000 0.000 0.000 0.000
73529 0.000 0.000 0.000 0.000
78688 0.000 0.000 0.000 0.000
78735 0.000 0.000 0.000 0.000
80733 0.000 0.000 0.000 0.000
70436 0.000 0.000 0.000 0.000
76643 0.000 0.000 0.000 0.000
21114 0.000 0.000 0.000 0.000
70445 0.000 0.000 0.000 0.000
76675 0.000 0.000 0.000 0.000
80727 0.000 0.000 0.000 0.000
1169 0.000 0.000 0.000 0.000
82018 0.000 0.000 0.000 0.000
76569 0.000 0.000 0.000 0.000
73657 0.000 0.000 0.000 0.000
73535 0.000 0.000 0.000 0.000
1998 0.000 0.000 0.000 0.000
73659 0.000 0.000 0.000 0.000
78675 0.000 0.000 0.000 0.000
82813 0.000 0.000 0.000 0.000
81951 0.000 0.000 0.000 0.000
21116 0.000 0.000 0.000 0.000
84551 0.000 0.000 0.000 0.000
68031 0.000 0.000 0.000 0.000
1168 0.000 0.000 0.000 0.000
15350 0.000 0.000 0.000 0.000
2011 0.000 0.000 0.000 0.000
80731 0.000 0.000 0.000 0.000
82019 0.000 0.000 0.000 0.000
78645 0.000 0.000 0.000 0.000
84373 0.000 0.000 0.000 0.000
78723 0.000 0.000 0.000 0.000
76544 0.000 0.000 0.000 0.000
9127 0.000 0.000 0.000 0.000
1991 0.000 0.000 0.000 0.000
78677 0.000 0.000 0.000 0.000
80723 0.000 0.000 0.000 0.000
76642 0.000 0.000 0.000 0.000
1164 0.000 0.000 0.000 0.000
1173 0.000 0.000 0.000 0.000
21115 0.000 0.000 0.000 0.000
84438 0.000 0.000 0.000 0.000
78733 0.000 0.000 0.000 0.000
76539 0.000 0.000 0.000 0.000
81991 0.000 0.000 0.000 0.000
15357 0.000 0.000 0.000 0.000
15351 0.000 0.000 0.000 0.000
84552 0.000 0.000 0.000 0.000
15359 0.000 0.000 0.000 0.000
78636 0.000 0.000 0.000 0.000
76696 0.000 0.000 0.000 0.000
15353 0.000 0.000 0.000 0.000
15360 0.000 0.000 0.000 0.000
76588 0.000 0.000 0.000 0.000
73653 0.000 0.000 0.000 0.000
1127 0.000 0.000 0.000 0.000
15345 0.000 0.000 0.000 0.000
78670 0.000 0.000 0.000 0.000
82826 0.000 0.000 0.000 0.000
78756 0.000 0.000 0.000 0.000
73490 0.000 0.000 0.000 0.000
78653 0.000 0.000 0.000 0.000
73564 0.000 0.000 0.000 0.000
11027 0.000 0.000 0.000 0.000
80728 0.000 0.000 0.000 0.000
78678 0.000 0.000 0.000 0.000
78655 0.000 0.000 0.000 0.000
11050 0.000 0.000 0.000 0.000
84316 0.000 0.000 0.000 0.000
68091 0.000 0.000 0.000 0.000
13123 0.000 0.000 0.000 0.000
76698 0.000 0.000 0.000 0.000
82832 0.000 0.000 0.000 0.000
2003 0.000 0.000 0.000 0.000
76604 0.000 0.000 0.000 0.000
73563 0.000 0.000 0.000 0.000
1978 0.000 0.000 0.000 0.000
81990 0.000 0.000 0.000 0.000
73532 0.000 0.000 0.000 0.000
15337 0.000 0.000 0.000 0.000
78576 0.000 0.000 0.000 0.000
82020 0.000 0.000 0.000 0.000
68086 0.000 0.000 0.000 0.000
78646 0.000 0.000 0.000 0.000
74402 0.000 0.000 0.000 0.000
15376 0.000 0.000 0.000 0.000
13107 0.000 0.000 0.000 0.000
80712 0.000 0.000 0.000 0.000
70437 0.000 0.000 0.000 0.000
13121 0.000 0.000 0.000 0.000
74742 0.000 0.000 0.000 0.000
78691 0.000 0.000 0.000 0.000
76587 0.000 0.000 0.000 0.000
73498 0.000 0.000 0.000 0.000
82815 0.000 0.000 0.000 0.000
82828 0.000 0.000 0.000 0.000
73566 0.000 0.000 0.000 0.000
76679 0.000 0.000 0.000 0.000
78752 0.000 0.000 0.000 0.000
15338 0.000 0.000 0.000 0.000
68088 0.000 0.000 0.000 0.000
73561 0.000 0.000 0.000 0.000
73565 0.000 0.000 0.000 0.000
74772 0.000 0.000 0.000 0.000
76602 0.000 0.000 0.000 0.000
2494 0.000 0.000 0.000 0.000
80650 0.000 0.000 0.000 0.000
