#!ascii label  , from subject  vox2ras=TkReg
143
71412 0.000 0.000 0.000 0.000
68980 0.000 0.000 0.000 0.000
68984 0.000 0.000 0.000 0.000
68996 0.000 0.000 0.000 0.000
68985 0.000 0.000 0.000 0.000
68979 0.000 0.000 0.000 0.000
68986 0.000 0.000 0.000 0.000
68993 0.000 0.000 0.000 0.000
71591 0.000 0.000 0.000 0.000
71410 0.000 0.000 0.000 0.000
71610 0.000 0.000 0.000 0.000
71616 0.000 0.000 0.000 0.000
68998 0.000 0.000 0.000 0.000
68978 0.000 0.000 0.000 0.000
71617 0.000 0.000 0.000 0.000
71411 0.000 0.000 0.000 0.000
9239 0.000 0.000 0.000 0.000
74837 0.000 0.000 0.000 0.000
76703 0.000 0.000 0.000 0.000
71413 0.000 0.000 0.000 0.000
71414 0.000 0.000 0.000 0.000
9917 0.000 0.000 0.000 0.000
66451 0.000 0.000 0.000 0.000
78634 0.000 0.000 0.000 0.000
14153 0.000 0.000 0.000 0.000
71821 0.000 0.000 0.000 0.000
78637 0.000 0.000 0.000 0.000
14152 0.000 0.000 0.000 0.000
68997 0.000 0.000 0.000 0.000
65997 0.000 0.000 0.000 0.000
68982 0.000 0.000 0.000 0.000
66452 0.000 0.000 0.000 0.000
66450 0.000 0.000 0.000 0.000
71824 0.000 0.000 0.000 0.000
66031 0.000 0.000 0.000 0.000
78643 0.000 0.000 0.000 0.000
9915 0.000 0.000 0.000 0.000
71612 0.000 0.000 0.000 0.000
74838 0.000 0.000 0.000 0.000
68994 0.000 0.000 0.000 0.000
14150 0.000 0.000 0.000 0.000
1173 0.000 0.000 0.000 0.000
1169 0.000 0.000 0.000 0.000
78645 0.000 0.000 0.000 0.000
9241 0.000 0.000 0.000 0.000
9240 0.000 0.000 0.000 0.000
76698 0.000 0.000 0.000 0.000
17622 0.000 0.000 0.000 0.000
14154 0.000 0.000 0.000 0.000
78638 0.000 0.000 0.000 0.000
76614 0.000 0.000 0.000 0.000
74875 0.000 0.000 0.000 0.000
78704 0.000 0.000 0.000 0.000
76702 0.000 0.000 0.000 0.000
73529 0.000 0.000 0.000 0.000
69024 0.000 0.000 0.000 0.000
8064 0.000 0.000 0.000 0.000
73564 0.000 0.000 0.000 0.000
73537 0.000 0.000 0.000 0.000
71643 0.000 0.000 0.000 0.000
8067 0.000 0.000 0.000 0.000
74876 0.000 0.000 0.000 0.000
66466 0.000 0.000 0.000 0.000
78705 0.000 0.000 0.000 0.000
78627 0.000 0.000 0.000 0.000
6187 0.000 0.000 0.000 0.000
17595 0.000 0.000 0.000 0.000
6146 0.000 0.000 0.000 0.000
73656 0.000 0.000 0.000 0.000
8066 0.000 0.000 0.000 0.000
73561 0.000 0.000 0.000 0.000
69025 0.000 0.000 0.000 0.000
68977 0.000 0.000 0.000 0.000
82017 0.000 0.000 0.000 0.000
82020 0.000 0.000 0.000 0.000
9912 0.000 0.000 0.000 0.000
76617 0.000 0.000 0.000 0.000
8080 0.000 0.000 0.000 0.000
17602 0.000 0.000 0.000 0.000
73541 0.000 0.000 0.000 0.000
1138 0.000 0.000 0.000 0.000
68995 0.000 0.000 0.000 0.000
73533 0.000 0.000 0.000 0.000
9234 0.000 0.000 0.000 0.000
8081 0.000 0.000 0.000 0.000
73535 0.000 0.000 0.000 0.000
78635 0.000 0.000 0.000 0.000
17624 0.000 0.000 0.000 0.000
17583 0.000 0.000 0.000 0.000
76616 0.000 0.000 0.000 0.000
78692 0.000 0.000 0.000 0.000
11393 0.000 0.000 0.000 0.000
66448 0.000 0.000 0.000 0.000
76469 0.000 0.000 0.000 0.000
9190 0.000 0.000 0.000 0.000
73542 0.000 0.000 0.000 0.000
11344 0.000 0.000 0.000 0.000
9916 0.000 0.000 0.000 0.000
76697 0.000 0.000 0.000 0.000
8096 0.000 0.000 0.000 0.000
71645 0.000 0.000 0.000 0.000
76611 0.000 0.000 0.000 0.000
80725 0.000 0.000 0.000 0.000
9218 0.000 0.000 0.000 0.000
8097 0.000 0.000 0.000 0.000
8054 0.000 0.000 0.000 0.000
6068 0.000 0.000 0.000 0.000
73563 0.000 0.000 0.000 0.000
8055 0.000 0.000 0.000 0.000
9219 0.000 0.000 0.000 0.000
76615 0.000 0.000 0.000 0.000
74836 0.000 0.000 0.000 0.000
78588 0.000 0.000 0.000 0.000
78639 0.000 0.000 0.000 0.000
24872 0.000 0.000 0.000 0.000
68981 0.000 0.000 0.000 0.000
14173 0.000 0.000 0.000 0.000
17584 0.000 0.000 0.000 0.000
78677 0.000 0.000 0.000 0.000
66465 0.000 0.000 0.000 0.000
73560 0.000 0.000 0.000 0.000
73655 0.000 0.000 0.000 0.000
78641 0.000 0.000 0.000 0.000
78589 0.000 0.000 0.000 0.000
78646 0.000 0.000 0.000 0.000
73534 0.000 0.000 0.000 0.000
80726 0.000 0.000 0.000 0.000
76568 0.000 0.000 0.000 0.000
78703 0.000 0.000 0.000 0.000
68088 0.000 0.000 0.000 0.000
71644 0.000 0.000 0.000 0.000
74877 0.000 0.000 0.000 0.000
68080 0.000 0.000 0.000 0.000
80722 0.000 0.000 0.000 0.000
9187 0.000 0.000 0.000 0.000
1128 0.000 0.000 0.000 0.000
11152 0.000 0.000 0.000 0.000
80724 0.000 0.000 0.000 0.000
17648 0.000 0.000 0.000 0.000
11153 0.000 0.000 0.000 0.000
78706 0.000 0.000 0.000 0.000
76467 0.000 0.000 0.000 0.000
17623 0.000 0.000 0.000 0.000
