#!ascii label  , from subject  vox2ras=TkReg
133
71412 0.000 0.000 0.000 0.000
68979 0.000 0.000 0.000 0.000
68980 0.000 0.000 0.000 0.000
71410 0.000 0.000 0.000 0.000
68978 0.000 0.000 0.000 0.000
66031 0.000 0.000 0.000 0.000
71641 0.000 0.000 0.000 0.000
71591 0.000 0.000 0.000 0.000
68997 0.000 0.000 0.000 0.000
9915 0.000 0.000 0.000 0.000
66452 0.000 0.000 0.000 0.000
9239 0.000 0.000 0.000 0.000
68984 0.000 0.000 0.000 0.000
68982 0.000 0.000 0.000 0.000
17622 0.000 0.000 0.000 0.000
71617 0.000 0.000 0.000 0.000
9240 0.000 0.000 0.000 0.000
71413 0.000 0.000 0.000 0.000
78643 0.000 0.000 0.000 0.000
24872 0.000 0.000 0.000 0.000
68998 0.000 0.000 0.000 0.000
1173 0.000 0.000 0.000 0.000
78704 0.000 0.000 0.000 0.000
9917 0.000 0.000 0.000 0.000
78705 0.000 0.000 0.000 0.000
14152 0.000 0.000 0.000 0.000
66451 0.000 0.000 0.000 0.000
71414 0.000 0.000 0.000 0.000
78637 0.000 0.000 0.000 0.000
68995 0.000 0.000 0.000 0.000
9241 0.000 0.000 0.000 0.000
6070 0.000 0.000 0.000 0.000
69027 0.000 0.000 0.000 0.000
78638 0.000 0.000 0.000 0.000
14153 0.000 0.000 0.000 0.000
9211 0.000 0.000 0.000 0.000
9234 0.000 0.000 0.000 0.000
17624 0.000 0.000 0.000 0.000
17595 0.000 0.000 0.000 0.000
9217 0.000 0.000 0.000 0.000
68977 0.000 0.000 0.000 0.000
71411 0.000 0.000 0.000 0.000
71821 0.000 0.000 0.000 0.000
68985 0.000 0.000 0.000 0.000
9219 0.000 0.000 0.000 0.000
69024 0.000 0.000 0.000 0.000
11152 0.000 0.000 0.000 0.000
68986 0.000 0.000 0.000 0.000
17602 0.000 0.000 0.000 0.000
9218 0.000 0.000 0.000 0.000
9916 0.000 0.000 0.000 0.000
9189 0.000 0.000 0.000 0.000
78703 0.000 0.000 0.000 0.000
9212 0.000 0.000 0.000 0.000
14150 0.000 0.000 0.000 0.000
8064 0.000 0.000 0.000 0.000
23579 0.000 0.000 0.000 0.000
74876 0.000 0.000 0.000 0.000
9190 0.000 0.000 0.000 0.000
9210 0.000 0.000 0.000 0.000
6187 0.000 0.000 0.000 0.000
68993 0.000 0.000 0.000 0.000
78635 0.000 0.000 0.000 0.000
9209 0.000 0.000 0.000 0.000
76616 0.000 0.000 0.000 0.000
8135 0.000 0.000 0.000 0.000
17623 0.000 0.000 0.000 0.000
9912 0.000 0.000 0.000 0.000
14154 0.000 0.000 0.000 0.000
6146 0.000 0.000 0.000 0.000
68996 0.000 0.000 0.000 0.000
73656 0.000 0.000 0.000 0.000
14173 0.000 0.000 0.000 0.000
71824 0.000 0.000 0.000 0.000
76703 0.000 0.000 0.000 0.000
71823 0.000 0.000 0.000 0.000
1128 0.000 0.000 0.000 0.000
66465 0.000 0.000 0.000 0.000
74837 0.000 0.000 0.000 0.000
71644 0.000 0.000 0.000 0.000
68981 0.000 0.000 0.000 0.000
17584 0.000 0.000 0.000 0.000
1137 0.000 0.000 0.000 0.000
8054 0.000 0.000 0.000 0.000
76469 0.000 0.000 0.000 0.000
80674 0.000 0.000 0.000 0.000
80722 0.000 0.000 0.000 0.000
78576 0.000 0.000 0.000 0.000
1138 0.000 0.000 0.000 0.000
69025 0.000 0.000 0.000 0.000
87847 0.000 0.000 0.000 0.000
6080 0.000 0.000 0.000 0.000
80726 0.000 0.000 0.000 0.000
8097 0.000 0.000 0.000 0.000
71643 0.000 0.000 0.000 0.000
11144 0.000 0.000 0.000 0.000
66570 0.000 0.000 0.000 0.000
71822 0.000 0.000 0.000 0.000
78642 0.000 0.000 0.000 0.000
80734 0.000 0.000 0.000 0.000
68983 0.000 0.000 0.000 0.000
78634 0.000 0.000 0.000 0.000
9213 0.000 0.000 0.000 0.000
11153 0.000 0.000 0.000 0.000
80724 0.000 0.000 0.000 0.000
73535 0.000 0.000 0.000 0.000
11392 0.000 0.000 0.000 0.000
11195 0.000 0.000 0.000 0.000
8101 0.000 0.000 0.000 0.000
8068 0.000 0.000 0.000 0.000
78646 0.000 0.000 0.000 0.000
1127 0.000 0.000 0.000 0.000
8099 0.000 0.000 0.000 0.000
73533 0.000 0.000 0.000 0.000
8067 0.000 0.000 0.000 0.000
74838 0.000 0.000 0.000 0.000
78647 0.000 0.000 0.000 0.000
9947 0.000 0.000 0.000 0.000
87845 0.000 0.000 0.000 0.000
6144 0.000 0.000 0.000 0.000
78706 0.000 0.000 0.000 0.000
76614 0.000 0.000 0.000 0.000
8132 0.000 0.000 0.000 0.000
78692 0.000 0.000 0.000 0.000
78641 0.000 0.000 0.000 0.000
76539 0.000 0.000 0.000 0.000
66582 0.000 0.000 0.000 0.000
87846 0.000 0.000 0.000 0.000
11389 0.000 0.000 0.000 0.000
78688 0.000 0.000 0.000 0.000
8130 0.000 0.000 0.000 0.000
78588 0.000 0.000 0.000 0.000
1169 0.000 0.000 0.000 0.000
