#!ascii label  , from subject  vox2ras=TkReg
165
68983 0.000 0.000 0.000 0.000
68980 0.000 0.000 0.000 0.000
71410 0.000 0.000 0.000 0.000
69025 0.000 0.000 0.000 0.000
68982 0.000 0.000 0.000 0.000
69024 0.000 0.000 0.000 0.000
68981 0.000 0.000 0.000 0.000
71412 0.000 0.000 0.000 0.000
71611 0.000 0.000 0.000 0.000
71591 0.000 0.000 0.000 0.000
71411 0.000 0.000 0.000 0.000
66521 0.000 0.000 0.000 0.000
68979 0.000 0.000 0.000 0.000
69026 0.000 0.000 0.000 0.000
68978 0.000 0.000 0.000 0.000
66031 0.000 0.000 0.000 0.000
24840 0.000 0.000 0.000 0.000
68977 0.000 0.000 0.000 0.000
23576 0.000 0.000 0.000 0.000
68984 0.000 0.000 0.000 0.000
23579 0.000 0.000 0.000 0.000
81991 0.000 0.000 0.000 0.000
74931 0.000 0.000 0.000 0.000
80730 0.000 0.000 0.000 0.000
68986 0.000 0.000 0.000 0.000
71610 0.000 0.000 0.000 0.000
78158 0.000 0.000 0.000 0.000
80728 0.000 0.000 0.000 0.000
82018 0.000 0.000 0.000 0.000
69044 0.000 0.000 0.000 0.000
24872 0.000 0.000 0.000 0.000
84320 0.000 0.000 0.000 0.000
80727 0.000 0.000 0.000 0.000
599 0.000 0.000 0.000 0.000
71613 0.000 0.000 0.000 0.000
84323 0.000 0.000 0.000 0.000
1998 0.000 0.000 0.000 0.000
80724 0.000 0.000 0.000 0.000
24870 0.000 0.000 0.000 0.000
80723 0.000 0.000 0.000 0.000
80729 0.000 0.000 0.000 0.000
78157 0.000 0.000 0.000 0.000
1173 0.000 0.000 0.000 0.000
1982 0.000 0.000 0.000 0.000
85109 0.000 0.000 0.000 0.000
80722 0.000 0.000 0.000 0.000
1127 0.000 0.000 0.000 0.000
24839 0.000 0.000 0.000 0.000
68985 0.000 0.000 0.000 0.000
1168 0.000 0.000 0.000 0.000
78642 0.000 0.000 0.000 0.000
78647 0.000 0.000 0.000 0.000
84322 0.000 0.000 0.000 0.000
80733 0.000 0.000 0.000 0.000
78705 0.000 0.000 0.000 0.000
84316 0.000 0.000 0.000 0.000
80674 0.000 0.000 0.000 0.000
78641 0.000 0.000 0.000 0.000
80732 0.000 0.000 0.000 0.000
5336 0.000 0.000 0.000 0.000
68993 0.000 0.000 0.000 0.000
78231 0.000 0.000 0.000 0.000
78676 0.000 0.000 0.000 0.000
1999 0.000 0.000 0.000 0.000
2011 0.000 0.000 0.000 0.000
78576 0.000 0.000 0.000 0.000
84318 0.000 0.000 0.000 0.000
2507 0.000 0.000 0.000 0.000
76469 0.000 0.000 0.000 0.000
6185 0.000 0.000 0.000 0.000
69043 0.000 0.000 0.000 0.000
71616 0.000 0.000 0.000 0.000
1128 0.000 0.000 0.000 0.000
1139 0.000 0.000 0.000 0.000
78752 0.000 0.000 0.000 0.000
84321 0.000 0.000 0.000 0.000
6188 0.000 0.000 0.000 0.000
81989 0.000 0.000 0.000 0.000
1165 0.000 0.000 0.000 0.000
5337 0.000 0.000 0.000 0.000
80731 0.000 0.000 0.000 0.000
66450 0.000 0.000 0.000 0.000
84552 0.000 0.000 0.000 0.000
84319 0.000 0.000 0.000 0.000
85110 0.000 0.000 0.000 0.000
68996 0.000 0.000 0.000 0.000
80740 0.000 0.000 0.000 0.000
78643 0.000 0.000 0.000 0.000
78706 0.000 0.000 0.000 0.000
84325 0.000 0.000 0.000 0.000
1138 0.000 0.000 0.000 0.000
5335 0.000 0.000 0.000 0.000
73491 0.000 0.000 0.000 0.000
5339 0.000 0.000 0.000 0.000
71413 0.000 0.000 0.000 0.000
5283 0.000 0.000 0.000 0.000
85104 0.000 0.000 0.000 0.000
78704 0.000 0.000 0.000 0.000
76467 0.000 0.000 0.000 0.000
87521 0.000 0.000 0.000 0.000
2000 0.000 0.000 0.000 0.000
2895 0.000 0.000 0.000 0.000
84315 0.000 0.000 0.000 0.000
80672 0.000 0.000 0.000 0.000
2508 0.000 0.000 0.000 0.000
1571 0.000 0.000 0.000 0.000
6186 0.000 0.000 0.000 0.000
78688 0.000 0.000 0.000 0.000
80725 0.000 0.000 0.000 0.000
81987 0.000 0.000 0.000 0.000
80667 0.000 0.000 0.000 0.000
78587 0.000 0.000 0.000 0.000
78756 0.000 0.000 0.000 0.000
82019 0.000 0.000 0.000 0.000
65997 0.000 0.000 0.000 0.000
84324 0.000 0.000 0.000 0.000
80673 0.000 0.000 0.000 0.000
71615 0.000 0.000 0.000 0.000
82016 0.000 0.000 0.000 0.000
80671 0.000 0.000 0.000 0.000
85108 0.000 0.000 0.000 0.000
78703 0.000 0.000 0.000 0.000
71814 0.000 0.000 0.000 0.000
85014 0.000 0.000 0.000 0.000
4674 0.000 0.000 0.000 0.000
71614 0.000 0.000 0.000 0.000
80741 0.000 0.000 0.000 0.000
66522 0.000 0.000 0.000 0.000
81953 0.000 0.000 0.000 0.000
82786 0.000 0.000 0.000 0.000
80742 0.000 0.000 0.000 0.000
80668 0.000 0.000 0.000 0.000
23575 0.000 0.000 0.000 0.000
85100 0.000 0.000 0.000 0.000
17571 0.000 0.000 0.000 0.000
78674 0.000 0.000 0.000 0.000
76468 0.000 0.000 0.000 0.000
76466 0.000 0.000 0.000 0.000
81988 0.000 0.000 0.000 0.000
78691 0.000 0.000 0.000 0.000
68994 0.000 0.000 0.000 0.000
84264 0.000 0.000 0.000 0.000
24841 0.000 0.000 0.000 0.000
78588 0.000 0.000 0.000 0.000
73683 0.000 0.000 0.000 0.000
78753 0.000 0.000 0.000 0.000
78589 0.000 0.000 0.000 0.000
4661 0.000 0.000 0.000 0.000
78579 0.000 0.000 0.000 0.000
78678 0.000 0.000 0.000 0.000
8098 0.000 0.000 0.000 0.000
68997 0.000 0.000 0.000 0.000
78639 0.000 0.000 0.000 0.000
78586 0.000 0.000 0.000 0.000
68998 0.000 0.000 0.000 0.000
78677 0.000 0.000 0.000 0.000
78635 0.000 0.000 0.000 0.000
78646 0.000 0.000 0.000 0.000
2880 0.000 0.000 0.000 0.000
78736 0.000 0.000 0.000 0.000
2896 0.000 0.000 0.000 0.000
5338 0.000 0.000 0.000 0.000
78638 0.000 0.000 0.000 0.000
78755 0.000 0.000 0.000 0.000
85125 0.000 0.000 0.000 0.000
