#!ascii label  , from subject  vox2ras=TkReg
189
19965 0.000 0.000 0.000 0.000
13172 0.000 0.000 0.000 0.000
103031 0.000 0.000 0.000 0.000
123315 0.000 0.000 0.000 0.000
123329 0.000 0.000 0.000 0.000
119642 0.000 0.000 0.000 0.000
123313 0.000 0.000 0.000 0.000
123278 0.000 0.000 0.000 0.000
103030 0.000 0.000 0.000 0.000
112385 0.000 0.000 0.000 0.000
17577 0.000 0.000 0.000 0.000
119582 0.000 0.000 0.000 0.000
126828 0.000 0.000 0.000 0.000
119632 0.000 0.000 0.000 0.000
17572 0.000 0.000 0.000 0.000
119643 0.000 0.000 0.000 0.000
109174 0.000 0.000 0.000 0.000
15228 0.000 0.000 0.000 0.000
17558 0.000 0.000 0.000 0.000
17584 0.000 0.000 0.000 0.000
15224 0.000 0.000 0.000 0.000
119644 0.000 0.000 0.000 0.000
115887 0.000 0.000 0.000 0.000
109175 0.000 0.000 0.000 0.000
123314 0.000 0.000 0.000 0.000
112464 0.000 0.000 0.000 0.000
103025 0.000 0.000 0.000 0.000
115858 0.000 0.000 0.000 0.000
115860 0.000 0.000 0.000 0.000
102976 0.000 0.000 0.000 0.000
119631 0.000 0.000 0.000 0.000
13173 0.000 0.000 0.000 0.000
119619 0.000 0.000 0.000 0.000
119645 0.000 0.000 0.000 0.000
119620 0.000 0.000 0.000 0.000
102978 0.000 0.000 0.000 0.000
106181 0.000 0.000 0.000 0.000
112384 0.000 0.000 0.000 0.000
119630 0.000 0.000 0.000 0.000
18790 0.000 0.000 0.000 0.000
102972 0.000 0.000 0.000 0.000
109253 0.000 0.000 0.000 0.000
112465 0.000 0.000 0.000 0.000
106177 0.000 0.000 0.000 0.000
103026 0.000 0.000 0.000 0.000
115913 0.000 0.000 0.000 0.000
119635 0.000 0.000 0.000 0.000
14192 0.000 0.000 0.000 0.000
123276 0.000 0.000 0.000 0.000
103027 0.000 0.000 0.000 0.000
126830 0.000 0.000 0.000 0.000
109176 0.000 0.000 0.000 0.000
13171 0.000 0.000 0.000 0.000
109213 0.000 0.000 0.000 0.000
123328 0.000 0.000 0.000 0.000
109172 0.000 0.000 0.000 0.000
18796 0.000 0.000 0.000 0.000
17565 0.000 0.000 0.000 0.000
115853 0.000 0.000 0.000 0.000
109214 0.000 0.000 0.000 0.000
119646 0.000 0.000 0.000 0.000
12124 0.000 0.000 0.000 0.000
126818 0.000 0.000 0.000 0.000
119633 0.000 0.000 0.000 0.000
109252 0.000 0.000 0.000 0.000
14153 0.000 0.000 0.000 0.000
109169 0.000 0.000 0.000 0.000
109256 0.000 0.000 0.000 0.000
12106 0.000 0.000 0.000 0.000
119580 0.000 0.000 0.000 0.000
119634 0.000 0.000 0.000 0.000
14193 0.000 0.000 0.000 0.000
109182 0.000 0.000 0.000 0.000
16335 0.000 0.000 0.000 0.000
17578 0.000 0.000 0.000 0.000
112354 0.000 0.000 0.000 0.000
106120 0.000 0.000 0.000 0.000
106173 0.000 0.000 0.000 0.000
106182 0.000 0.000 0.000 0.000
106179 0.000 0.000 0.000 0.000
106125 0.000 0.000 0.000 0.000
106175 0.000 0.000 0.000 0.000
102977 0.000 0.000 0.000 0.000
106170 0.000 0.000 0.000 0.000
102968 0.000 0.000 0.000 0.000
14134 0.000 0.000 0.000 0.000
19961 0.000 0.000 0.000 0.000
109211 0.000 0.000 0.000 0.000
103021 0.000 0.000 0.000 0.000
15199 0.000 0.000 0.000 0.000
109224 0.000 0.000 0.000 0.000
103024 0.000 0.000 0.000 0.000
109173 0.000 0.000 0.000 0.000
112380 0.000 0.000 0.000 0.000
106152 0.000 0.000 0.000 0.000
119621 0.000 0.000 0.000 0.000
115886 0.000 0.000 0.000 0.000
13159 0.000 0.000 0.000 0.000
19985 0.000 0.000 0.000 0.000
106155 0.000 0.000 0.000 0.000
109229 0.000 0.000 0.000 0.000
15232 0.000 0.000 0.000 0.000
126920 0.000 0.000 0.000 0.000
109264 0.000 0.000 0.000 0.000
119581 0.000 0.000 0.000 0.000
15223 0.000 0.000 0.000 0.000
119583 0.000 0.000 0.000 0.000
109184 0.000 0.000 0.000 0.000
109178 0.000 0.000 0.000 0.000
109179 0.000 0.000 0.000 0.000
115850 0.000 0.000 0.000 0.000
106171 0.000 0.000 0.000 0.000
106160 0.000 0.000 0.000 0.000
102973 0.000 0.000 0.000 0.000
112378 0.000 0.000 0.000 0.000
109220 0.000 0.000 0.000 0.000
106113 0.000 0.000 0.000 0.000
130151 0.000 0.000 0.000 0.000
106172 0.000 0.000 0.000 0.000
119604 0.000 0.000 0.000 0.000
102879 0.000 0.000 0.000 0.000
21156 0.000 0.000 0.000 0.000
106180 0.000 0.000 0.000 0.000
109216 0.000 0.000 0.000 0.000
109230 0.000 0.000 0.000 0.000
22213 0.000 0.000 0.000 0.000
15229 0.000 0.000 0.000 0.000
14173 0.000 0.000 0.000 0.000
109265 0.000 0.000 0.000 0.000
106114 0.000 0.000 0.000 0.000
17583 0.000 0.000 0.000 0.000
126715 0.000 0.000 0.000 0.000
115888 0.000 0.000 0.000 0.000
102975 0.000 0.000 0.000 0.000
119584 0.000 0.000 0.000 0.000
109261 0.000 0.000 0.000 0.000
130150 0.000 0.000 0.000 0.000
130105 0.000 0.000 0.000 0.000
109103 0.000 0.000 0.000 0.000
109177 0.000 0.000 0.000 0.000
106073 0.000 0.000 0.000 0.000
112388 0.000 0.000 0.000 0.000
126816 0.000 0.000 0.000 0.000
106098 0.000 0.000 0.000 0.000
112377 0.000 0.000 0.000 0.000
106022 0.000 0.000 0.000 0.000
106029 0.000 0.000 0.000 0.000
106102 0.000 0.000 0.000 0.000
102877 0.000 0.000 0.000 0.000
126829 0.000 0.000 0.000 0.000
15251 0.000 0.000 0.000 0.000
109100 0.000 0.000 0.000 0.000
106119 0.000 0.000 0.000 0.000
13134 0.000 0.000 0.000 0.000
103017 0.000 0.000 0.000 0.000
119660 0.000 0.000 0.000 0.000
14164 0.000 0.000 0.000 0.000
109223 0.000 0.000 0.000 0.000
15252 0.000 0.000 0.000 0.000
112386 0.000 0.000 0.000 0.000
14174 0.000 0.000 0.000 0.000
126921 0.000 0.000 0.000 0.000
109262 0.000 0.000 0.000 0.000
87920 0.000 0.000 0.000 0.000
126716 0.000 0.000 0.000 0.000
109251 0.000 0.000 0.000 0.000
21079 0.000 0.000 0.000 0.000
119608 0.000 0.000 0.000 0.000
15233 0.000 0.000 0.000 0.000
90663 0.000 0.000 0.000 0.000
112321 0.000 0.000 0.000 0.000
109227 0.000 0.000 0.000 0.000
112391 0.000 0.000 0.000 0.000
14180 0.000 0.000 0.000 0.000
13160 0.000 0.000 0.000 0.000
109050 0.000 0.000 0.000 0.000
112379 0.000 0.000 0.000 0.000
106118 0.000 0.000 0.000 0.000
112352 0.000 0.000 0.000 0.000
109183 0.000 0.000 0.000 0.000
112358 0.000 0.000 0.000 0.000
21176 0.000 0.000 0.000 0.000
102983 0.000 0.000 0.000 0.000
109201 0.000 0.000 0.000 0.000
17571 0.000 0.000 0.000 0.000
14190 0.000 0.000 0.000 0.000
115849 0.000 0.000 0.000 0.000
12125 0.000 0.000 0.000 0.000
14152 0.000 0.000 0.000 0.000
